$TITLE    Created by panin, version 1.0 (4Jan2000) on                
INPUT FILE FOR PanAir (A502-ht2)                                                
Created by PANIN                                                                
$DATACHECK
    0.0000
$SYM
    1.0000    0.0000
$MACH NUMBER
    0.7000
$CASES
    1.0000
$ANGLES OF ATTACK
    3.0000
    3.0000
$YAW ANGLES
    0.0000
    0.0000
$REFERENCE DATA FOR 3-D FORCES AND MOMENTS
   63.6000    0.0000    0.0000    1.0000
  812.9040   11.4300   11.4300   11.4300
$PRINTOUT CONTROL
       0.0       0.0       0.0       0.0       0.0       0.0
       0.0       0.0       0.0       0.0       0.0       0.0
$EAT
  0.000000       0.0       0.0       0.0       0.0       0.0
$VELOCITY CORRECTION
    0.0000
$POINTS for network #  1   wing1                                             
       1.0
       1.0                                     0.0       0.0
      17.0      40.0                                                  wing1     
   98.2700    2.6941    2.6941   97.6350    2.5958    2.7924
   96.3650    2.3992    2.9889   95.7300    2.3016    3.0865
   92.5550    2.3016    3.0865   89.3800    2.3016    3.0865
   88.7450    2.3992    2.9889   87.4750    2.5958    2.7924
   86.8400    2.6941    2.6941   87.4750    2.7924    2.5958
   88.7450    2.9889    2.3992   89.3800    3.0865    2.3016
   92.5550    3.0865    2.3016   95.7300    3.0865    2.3016
   96.3650    2.9889    2.3992   97.6350    2.7924    2.5958
   98.2700    2.6941    2.6941
   98.2049    2.9013    2.9013   97.5771    2.8041    2.9985
   96.3216    2.6098    3.1928   95.6938    2.5133    3.2893
   92.5550    2.5133    3.2893   89.4162    2.5133    3.2893
   88.7884    2.6098    3.1928   87.5329    2.8041    2.9985
   86.9051    2.9013    2.9013   87.5329    2.9985    2.8041
   88.7884    3.1928    2.6098   89.4162    3.2893    2.5133
   92.5550    3.2893    2.5133   95.6938    3.2893    2.5133
   96.3216    3.1928    2.6098   97.5771    2.9985    2.8041
   98.2049    2.9013    2.9013
   98.1397    3.1086    3.1086   97.5192    3.0125    3.2046
   96.2781    2.8204    3.3967   95.6576    2.7251    3.4920
   92.5550    2.7251    3.4920   89.4524    2.7251    3.4920
   88.8318    2.8204    3.3967   87.5908    3.0125    3.2046
   86.9703    3.1086    3.1086   87.5908    3.2046    3.0125
   88.8318    3.3967    2.8204   89.4524    3.4920    2.7251
   92.5550    3.4920    2.7251   95.6576    3.4920    2.7251
   96.2781    3.3967    2.8204   97.5192    3.2046    3.0125
   98.1397    3.1086    3.1086
   98.0746    3.3158    3.3158   97.4613    3.2209    3.4107
   96.2347    3.0310    3.6006   95.6214    2.9368    3.6948
   92.5550    2.9368    3.6948   89.4885    2.9368    3.6948
   88.8753    3.0310    3.6006   87.6487    3.2209    3.4107
   87.0354    3.3158    3.3158   87.6487    3.4107    3.2209
   88.8753    3.6006    3.0310   89.4885    3.6948    2.9368
   92.5550    3.6948    2.9368   95.6214    3.6948    2.9368
   96.2347    3.6006    3.0310   97.4613    3.4107    3.2209
   98.0746    3.3158    3.3158
   98.0094    3.5230    3.5230   97.4034    3.4292    3.6168
   96.1913    3.2416    3.8044   95.5852    3.1485    3.8976
   92.5550    3.1485    3.8976   89.5247    3.1485    3.8976
   88.9187    3.2416    3.8044   87.7066    3.4292    3.6168
   87.1005    3.5230    3.5230   87.7066    3.6168    3.4292
   88.9187    3.8044    3.2416   89.5247    3.8976    3.1485
   92.5550    3.8976    3.1485   95.5852    3.8976    3.1485
   96.1913    3.8044    3.2416   97.4034    3.6168    3.4292
   98.0094    3.5230    3.5230
   97.9443    3.7303    3.7303   97.3455    3.6376    3.8229
   96.1478    3.4522    4.0083   95.5490    3.3602    4.1003
   92.5550    3.3602    4.1003   89.5609    3.3602    4.1003
   88.9621    3.4522    4.0083   87.7645    3.6376    3.8229
   87.1656    3.7303    3.7303   87.7645    3.8229    3.6376
   88.9621    4.0083    3.4522   89.5609    4.1003    3.3602
   92.5550    4.1003    3.3602   95.5490    4.1003    3.3602
   96.1478    4.0083    3.4522   97.3455    3.8229    3.6376
   97.9443    3.7303    3.7303
   97.8791    3.9375    3.9375   97.2876    3.8459    4.0291
   96.1044    3.6628    4.2122   95.5128    3.5719    4.3031
   92.5550    3.5719    4.3031   89.5971    3.5719    4.3031
   89.0055    3.6628    4.2122   87.8223    3.8459    4.0291
   87.2308    3.9375    3.9375   87.8223    4.0291    3.8459
   89.0055    4.2122    3.6628   89.5971    4.3031    3.5719
   92.5550    4.3031    3.5719   95.5128    4.3031    3.5719
   96.1044    4.2122    3.6628   97.2876    4.0291    3.8459
   97.8791    3.9375    3.9375
   97.8140    4.1447    4.1447   97.2297    4.0543    4.2352
   96.0610    3.8734    4.4161   95.4766    3.7836    4.5059
   92.5549    3.7836    4.5059   89.6332    3.7836    4.5059
   89.0489    3.8734    4.4161   87.8802    4.0543    4.2352
   87.2959    4.1447    4.1447   87.8802    4.2352    4.0543
   89.0489    4.4161    3.8734   89.6332    4.5059    3.7836
   92.5549    4.5059    3.7836   95.4766    4.5059    3.7836
   96.0610    4.4161    3.8734   97.2297    4.2352    4.0543
   97.8140    4.1447    4.1447
   97.7488    4.3520    4.3520   97.1717    4.2626    4.4413
   96.0175    4.0840    4.6199   95.4404    3.9953    4.7086
   92.5549    3.9953    4.7086   89.6694    3.9953    4.7086
   89.0923    4.0840    4.6199   87.9381    4.2626    4.4413
   87.3610    4.3520    4.3520   87.9381    4.4413    4.2626
   89.0923    4.6199    4.0840   89.6694    4.7086    3.9953
   92.5549    4.7086    3.9953   95.4404    4.7086    3.9953
   96.0175    4.6199    4.0840   97.1717    4.4413    4.2626
   97.7488    4.3520    4.3520
   97.6837    4.5592    4.5592   97.1138    4.4710    4.6474
   95.9741    4.2946    4.8238   95.4042    4.2070    4.9114
   92.5549    4.2070    4.9114   89.7056    4.2070    4.9114
   89.1357    4.2946    4.8238   87.9960    4.4710    4.6474
   87.4262    4.5592    4.5592   87.9960    4.6474    4.4710
   89.1357    4.8238    4.2946   89.7056    4.9114    4.2070
   92.5549    4.9114    4.2070   95.4042    4.9114    4.2070
   95.9741    4.8238    4.2946   97.1138    4.6474    4.4710
   97.6837    4.5592    4.5592
   97.6186    4.7664    4.7664   97.0559    4.6794    4.8535
   95.9307    4.5052    5.0277   95.3680    4.4187    5.1142
   92.5549    4.4187    5.1142   89.7418    4.4187    5.1142
   89.1792    4.5052    5.0277   88.0539    4.6794    4.8535
   87.4913    4.7664    4.7664   88.0539    4.8535    4.6794
   89.1792    5.0277    4.5052   89.7418    5.1142    4.4187
   92.5549    5.1142    4.4187   95.3680    5.1142    4.4187
   95.9307    5.0277    4.5052   97.0559    4.8535    4.6794
   97.6186    4.7664    4.7664
   97.5534    4.9737    4.9737   96.9980    4.8877    5.0596
   95.8872    4.7158    5.2316   95.3319    4.6304    5.3169
   92.5549    4.6304    5.3169   89.7780    4.6304    5.3169
   89.2226    4.7158    5.2316   88.1118    4.8877    5.0596
   87.5564    4.9737    4.9737   88.1118    5.0596    4.8877
   89.2226    5.2316    4.7158   89.7780    5.3169    4.6304
   92.5549    5.3169    4.6304   95.3319    5.3169    4.6304
   95.8872    5.2316    4.7158   96.9980    5.0596    4.8877
   97.5534    4.9737    4.9737
   97.4883    5.1809    5.1809   96.9401    5.0961    5.2658
   95.8438    4.9264    5.4355   95.2957    4.8421    5.5197
   92.5549    4.8421    5.5197   89.8141    4.8421    5.5197
   89.2660    4.9264    5.4355   88.1697    5.0961    5.2658
   87.6215    5.1809    5.1809   88.1697    5.2658    5.0961
   89.2660    5.4355    4.9264   89.8141    5.5197    4.8421
   92.5549    5.5197    4.8421   95.2957    5.5197    4.8421
   95.8438    5.4355    4.9264   96.9401    5.2658    5.0961
   97.4883    5.1809    5.1809
   97.4231    5.3882    5.3882   96.8822    5.3044    5.4719
   95.8004    5.1370    5.6393   95.2595    5.0539    5.7225
   92.5549    5.0539    5.7225   89.8503    5.0539    5.7225
   89.3094    5.1370    5.6393   88.2276    5.3044    5.4719
   87.6867    5.3882    5.3882   88.2276    5.4719    5.3044
   89.3094    5.6393    5.1370   89.8503    5.7225    5.0539
   92.5549    5.7225    5.0539   95.2595    5.7225    5.0539
   95.8004    5.6393    5.1370   96.8822    5.4719    5.3044
   97.4231    5.3882    5.3882
   97.3580    5.5954    5.5954   96.8243    5.5128    5.6780
   95.7570    5.3476    5.8432   95.2233    5.2656    5.9252
   92.5549    5.2656    5.9252   89.8865    5.2656    5.9252
   89.3528    5.3476    5.8432   88.2855    5.5128    5.6780
   87.7518    5.5954    5.5954   88.2855    5.6780    5.5128
   89.3528    5.8432    5.3476   89.8865    5.9252    5.2656
   92.5549    5.9252    5.2656   95.2233    5.9252    5.2656
   95.7570    5.8432    5.3476   96.8243    5.6780    5.5128
   97.3580    5.5954    5.5954
   97.2928    5.8026    5.8026   96.7664    5.7211    5.8841
   95.7135    5.5582    6.0471   95.1871    5.4773    6.1280
   92.5549    5.4773    6.1280   89.9227    5.4773    6.1280
   89.3962    5.5582    6.0471   88.3434    5.7211    5.8841
   87.8169    5.8026    5.8026   88.3434    5.8841    5.7211
   89.3962    6.0471    5.5582   89.9227    6.1280    5.4773
   92.5549    6.1280    5.4773   95.1871    6.1280    5.4773
   95.7135    6.0471    5.5582   96.7664    5.8841    5.7211
   97.2928    5.8026    5.8026
   97.2277    6.0099    6.0099   96.7085    5.9295    6.0902
   95.6701    5.7688    6.2510   95.1509    5.6890    6.3307
   92.5549    5.6890    6.3307   89.9589    5.6890    6.3307
   89.4397    5.7688    6.2510   88.4013    5.9295    6.0902
   87.8820    6.0099    6.0099   88.4013    6.0902    5.9295
   89.4397    6.2510    5.7688   89.9589    6.3307    5.6890
   92.5549    6.3307    5.6890   95.1509    6.3307    5.6890
   95.6701    6.2510    5.7688   96.7085    6.0902    5.9295
   97.2277    6.0099    6.0099
   97.1625    6.2171    6.2171   96.6506    6.1379    6.2963
   95.6266    5.9794    6.4548   95.1147    5.9007    6.5335
   92.5549    5.9007    6.5335   89.9950    5.9007    6.5335
   89.4831    5.9794    6.4548   88.4591    6.1379    6.2963
   87.9472    6.2171    6.2171   88.4591    6.2963    6.1379
   89.4831    6.4548    5.9794   89.9950    6.5335    5.9007
   92.5549    6.5335    5.9007   95.1147    6.5335    5.9007
   95.6266    6.4548    5.9794   96.6506    6.2963    6.1379
   97.1625    6.2171    6.2171
   97.0974    6.4243    6.4243   96.5927    6.3462    6.5025
   95.5832    6.1900    6.6587   95.0785    6.1124    6.7363
   92.5549    6.1124    6.7363   90.0312    6.1124    6.7363
   89.5265    6.1900    6.6587   88.5170    6.3462    6.5025
   88.0123    6.4243    6.4243   88.5170    6.5025    6.3462
   89.5265    6.6587    6.1900   90.0312    6.7363    6.1124
   92.5549    6.7363    6.1124   95.0785    6.7363    6.1124
   95.5832    6.6587    6.1900   96.5927    6.5025    6.3462
   97.0974    6.4243    6.4243
   97.0323    6.6316    6.6316   96.5348    6.5546    6.7086
   95.5398    6.4006    6.8626   95.0423    6.3241    6.9390
   92.5548    6.3241    6.9390   90.0674    6.3241    6.9390
   89.5699    6.4006    6.8626   88.5749    6.5546    6.7086
   88.0774    6.6316    6.6316   88.5749    6.7086    6.5546
   89.5699    6.8626    6.4006   90.0674    6.9390    6.3241
   92.5548    6.9390    6.3241   95.0423    6.9390    6.3241
   95.5398    6.8626    6.4006   96.5348    6.7086    6.5546
   97.0323    6.6316    6.6316
   96.9671    6.8388    6.8388   96.4769    6.7629    6.9147
   95.4964    6.6112    7.0665   95.0061    6.5358    7.1418
   92.5548    6.5358    7.1418   90.1036    6.5358    7.1418
   89.6133    6.6112    7.0665   88.6328    6.7629    6.9147
   88.1426    6.8388    6.8388   88.6328    6.9147    6.7629
   89.6133    7.0665    6.6112   90.1036    7.1418    6.5358
   92.5548    7.1418    6.5358   95.0061    7.1418    6.5358
   95.4964    7.0665    6.6112   96.4769    6.9147    6.7629
   96.9671    6.8388    6.8388
   96.9020    7.0460    7.0460   96.4190    6.9713    7.1208
   95.4529    6.8218    7.2703   94.9699    6.7475    7.3446
   92.5548    6.7475    7.3446   90.1398    6.7475    7.3446
   89.6567    6.8218    7.2703   88.6907    6.9713    7.1208
   88.2077    7.0460    7.0460   88.6907    7.1208    6.9713
   89.6567    7.2703    6.8218   90.1398    7.3446    6.7475
   92.5548    7.3446    6.7475   94.9699    7.3446    6.7475
   95.4529    7.2703    6.8218   96.4190    7.1208    6.9713
   96.9020    7.0460    7.0460
   96.8368    7.2533    7.2533   96.3610    7.1796    7.3269
   95.4095    7.0324    7.4742   94.9337    6.9592    7.5473
   92.5548    6.9592    7.5473   90.1759    6.9592    7.5473
   89.7002    7.0324    7.4742   88.7486    7.1796    7.3269
   88.2728    7.2533    7.2533   88.7486    7.3269    7.1796
   89.7002    7.4742    7.0324   90.1759    7.5473    6.9592
   92.5548    7.5473    6.9592   94.9337    7.5473    6.9592
   95.4095    7.4742    7.0324   96.3610    7.3269    7.1796
   96.8368    7.2533    7.2533
   96.7717    7.4605    7.4605   96.3031    7.3880    7.5330
   95.3661    7.2430    7.6781   94.8975    7.1710    7.7501
   92.5548    7.1710    7.7501   90.2121    7.1710    7.7501
   89.7436    7.2430    7.6781   88.8065    7.3880    7.5330
   88.3380    7.4605    7.4605   88.8065    7.5330    7.3880
   89.7436    7.6781    7.2430   90.2121    7.7501    7.1710
   92.5548    7.7501    7.1710   94.8975    7.7501    7.1710
   95.3661    7.6781    7.2430   96.3031    7.5330    7.3880
   96.7717    7.4605    7.4605
   96.7065    7.6678    7.6678   96.2452    7.5964    7.7392
   95.3226    7.4535    7.8820   94.8613    7.3827    7.9529
   92.5548    7.3827    7.9529   90.2483    7.3827    7.9529
   89.7870    7.4535    7.8820   88.8644    7.5964    7.7392
   88.4031    7.6678    7.6678   88.8644    7.7392    7.5964
   89.7870    7.8820    7.4535   90.2483    7.9529    7.3827
   92.5548    7.9529    7.3827   94.8613    7.9529    7.3827
   95.3226    7.8820    7.4535   96.2452    7.7392    7.5964
   96.7065    7.6678    7.6678
   96.6414    7.8750    7.8750   96.1873    7.8047    7.9453
   95.2792    7.6641    8.0858   94.8251    7.5944    8.1556
   92.5548    7.5944    8.1556   90.2845    7.5944    8.1556
   89.8304    7.6641    8.0858   88.9223    7.8047    7.9453
   88.4682    7.8750    7.8750   88.9223    7.9453    7.8047
   89.8304    8.0858    7.6641   90.2845    8.1556    7.5944
   92.5548    8.1556    7.5944   94.8251    8.1556    7.5944
   95.2792    8.0858    7.6641   96.1873    7.9453    7.8047
   96.6414    7.8750    7.8750
   96.5762    8.0822    8.0822   96.1294    8.0131    8.1514
   95.2358    7.8747    8.2897   94.7889    7.8061    8.3584
   92.5548    7.8061    8.3584   90.3206    7.8061    8.3584
   89.8738    7.8747    8.2897   88.9802    8.0131    8.1514
   88.5333    8.0822    8.0822   88.9802    8.1514    8.0131
   89.8738    8.2897    7.8747   90.3206    8.3584    7.8061
   92.5548    8.3584    7.8061   94.7889    8.3584    7.8061
   95.2358    8.2897    7.8747   96.1294    8.1514    8.0131
   96.5762    8.0822    8.0822
   96.5111    8.2895    8.2895   96.0715    8.2214    8.3575
   95.1923    8.0853    8.4936   94.7527    8.0178    8.5611
   92.5548    8.0178    8.5611   90.3568    8.0178    8.5611
   89.9172    8.0853    8.4936   89.0381    8.2214    8.3575
   88.5985    8.2895    8.2895   89.0381    8.3575    8.2214
   89.9172    8.4936    8.0853   90.3568    8.5611    8.0178
   92.5548    8.5611    8.0178   94.7527    8.5611    8.0178
   95.1923    8.4936    8.0853   96.0715    8.3575    8.2214
   96.5111    8.2895    8.2895
   96.4460    8.4967    8.4967   96.0136    8.4298    8.5636
   95.1489    8.2959    8.6975   94.7165    8.2295    8.7639
   92.5548    8.2295    8.7639   90.3930    8.2295    8.7639
   89.9606    8.2959    8.6975   89.0959    8.4298    8.5636
   88.6636    8.4967    8.4967   89.0959    8.5636    8.4298
   89.9606    8.6975    8.2959   90.3930    8.7639    8.2295
   92.5548    8.7639    8.2295   94.7165    8.7639    8.2295
   95.1489    8.6975    8.2959   96.0136    8.5636    8.4298
   96.4460    8.4967    8.4967
   96.3808    8.7039    8.7039   95.9557    8.6381    8.7697
   95.1055    8.5065    8.9013   94.6803    8.4412    8.9667
   92.5548    8.4412    8.9667   90.4292    8.4412    8.9667
   90.0041    8.5065    8.9013   89.1538    8.6381    8.7697
   88.7287    8.7039    8.7039   89.1538    8.7697    8.6381
   90.0041    8.9013    8.5065   90.4292    8.9667    8.4412
   92.5548    8.9667    8.4412   94.6803    8.9667    8.4412
   95.1055    8.9013    8.5065   95.9557    8.7697    8.6381
   96.3808    8.7039    8.7039
   96.3157    8.9112    8.9112   95.8978    8.8465    8.9759
   95.0620    8.7171    9.1052   94.6441    8.6529    9.1694
   92.5548    8.6529    9.1694   90.4654    8.6529    9.1694
   90.0475    8.7171    9.1052   89.2117    8.8465    8.9759
   88.7938    8.9112    8.9112   89.2117    8.9759    8.8465
   90.0475    9.1052    8.7171   90.4654    9.1694    8.6529
   92.5548    9.1694    8.6529   94.6441    9.1694    8.6529
   95.0620    9.1052    8.7171   95.8978    8.9759    8.8465
   96.3157    8.9112    8.9112
   96.2505    9.1184    9.1184   95.8399    9.0549    9.1820
   95.0186    8.9277    9.3091   94.6080    8.8646    9.3722
   92.5547    8.8646    9.3722   90.5015    8.8646    9.3722
   90.0909    8.9277    9.3091   89.2696    9.0549    9.1820
   88.8590    9.1184    9.1184   89.2696    9.1820    9.0549
   90.0909    9.3091    8.9277   90.5015    9.3722    8.8646
   92.5547    9.3722    8.8646   94.6080    9.3722    8.8646
   95.0186    9.3091    8.9277   95.8399    9.1820    9.0549
   96.2505    9.1184    9.1184
   96.1854    9.3257    9.3257   95.7820    9.2632    9.3881
   94.9752    9.1383    9.5130   94.5718    9.0763    9.5750
   92.5547    9.0763    9.5750   90.5377    9.0763    9.5750
   90.1343    9.1383    9.5130   89.3275    9.2632    9.3881
   88.9241    9.3257    9.3257   89.3275    9.3881    9.2632
   90.1343    9.5130    9.1383   90.5377    9.5750    9.0763
   92.5547    9.5750    9.0763   94.5718    9.5750    9.0763
   94.9752    9.5130    9.1383   95.7820    9.3881    9.2632
   96.1854    9.3257    9.3257
   96.1202    9.5329    9.5329   95.7241    9.4716    9.5942
   94.9317    9.3489    9.7168   94.5356    9.2880    9.7777
   92.5547    9.2880    9.7777   90.5739    9.2880    9.7777
   90.1777    9.3489    9.7168   89.3854    9.4716    9.5942
   88.9892    9.5329    9.5329   89.3854    9.5942    9.4716
   90.1777    9.7168    9.3489   90.5739    9.7777    9.2880
   92.5547    9.7777    9.2880   94.5356    9.7777    9.2880
   94.9317    9.7168    9.3489   95.7241    9.5942    9.4716
   96.1202    9.5329    9.5329
   96.0551    9.7401    9.7401   95.6662    9.6799    9.8003
   94.8883    9.5595    9.9207   94.4994    9.4998    9.9805
   92.5547    9.4998    9.9805   90.6101    9.4998    9.9805
   90.2211    9.5595    9.9207   89.4433    9.6799    9.8003
   89.0544    9.7401    9.7401   89.4433    9.8003    9.6799
   90.2211    9.9207    9.5595   90.6101    9.9805    9.4998
   92.5547    9.9805    9.4998   94.4994    9.9805    9.4998
   94.8883    9.9207    9.5595   95.6662    9.8003    9.6799
   96.0551    9.7401    9.7401
   95.9899    9.9474    9.9474   95.6083    9.8883   10.0064
   94.8449    9.7701   10.1246   94.4632    9.7115   10.1833
   92.5547    9.7115   10.1833   90.6463    9.7115   10.1833
   90.2646    9.7701   10.1246   89.5012    9.8883   10.0064
   89.1195    9.9474    9.9474   89.5012   10.0064    9.8883
   90.2646   10.1246    9.7701   90.6463   10.1833    9.7115
   92.5547   10.1833    9.7115   94.4632   10.1833    9.7115
   94.8449   10.1246    9.7701   95.6083   10.0064    9.8883
   95.9899    9.9474    9.9474
   95.9248   10.1546   10.1546   95.5503   10.0966   10.2126
   94.8014    9.9807   10.3285   94.4270    9.9232   10.3860
   92.5547    9.9232   10.3860   90.6824    9.9232   10.3860
   90.3080    9.9807   10.3285   89.5591   10.0966   10.2126
   89.1846   10.1546   10.1546   89.5591   10.2126   10.0966
   90.3080   10.3285    9.9807   90.6824   10.3860    9.9232
   92.5547   10.3860    9.9232   94.4270   10.3860    9.9232
   94.8014   10.3285    9.9807   95.5503   10.2126   10.0966
   95.9248   10.1546   10.1546
   95.8597   10.3618   10.3618   95.4924   10.3050   10.4187
   94.7580   10.1913   10.5324   94.3908   10.1349   10.5888
   92.5547   10.1349   10.5888   90.7186   10.1349   10.5888
   90.3514   10.1913   10.5324   89.6170   10.3050   10.4187
   89.2497   10.3618   10.3618   89.6170   10.4187   10.3050
   90.3514   10.5324   10.1913   90.7186   10.5888   10.1349
   92.5547   10.5888   10.1349   94.3908   10.5888   10.1349
   94.7580   10.5324   10.1913   95.4924   10.4187   10.3050
   95.8597   10.3618   10.3618
   95.7945   10.5691   10.5691   95.4345   10.5134   10.6248
   94.7146   10.4019   10.7362   94.3546   10.3466   10.7915
   92.5547   10.3466   10.7915   90.7548   10.3466   10.7915
   90.3948   10.4019   10.7362   89.6749   10.5134   10.6248
   89.3149   10.5691   10.5691   89.6749   10.6248   10.5134
   90.3948   10.7362   10.4019   90.7548   10.7915   10.3466
   92.5547   10.7915   10.3466   94.3546   10.7915   10.3466
   94.7146   10.7362   10.4019   95.4345   10.6248   10.5134
   95.7945   10.5691   10.5691
   95.7294   10.7763   10.7763   95.3766   10.7217   10.8309
   94.6711   10.6125   10.9401   94.3184   10.5583   10.9943
   92.5547   10.5583   10.9943   90.7910   10.5583   10.9943
   90.4382   10.6125   10.9401   89.7327   10.7217   10.8309
   89.3800   10.7763   10.7763   89.7327   10.8309   10.7217
   90.4382   10.9401   10.6125   90.7910   10.9943   10.5583
   92.5547   10.9943   10.5583   94.3184   10.9943   10.5583
   94.6711   10.9401   10.6125   95.3766   10.8309   10.7217
   95.7294   10.7763   10.7763
$POINTS for network #  2   wing2                                             
       1.0
       1.0                                     0.0       0.0
      17.0      40.0                                                  wing2     
   98.2700    2.6941   -2.6941   97.6350    2.7924   -2.5958
   96.3650    2.9889   -2.3992   95.7300    3.0865   -2.3016
   92.5550    3.0865   -2.3016   89.3800    3.0865   -2.3016
   88.7450    2.9889   -2.3992   87.4750    2.7924   -2.5958
   86.8400    2.6941   -2.6941   87.4750    2.5958   -2.7924
   88.7450    2.3992   -2.9889   89.3800    2.3016   -3.0865
   92.5550    2.3016   -3.0865   95.7300    2.3016   -3.0865
   96.3650    2.3992   -2.9889   97.6350    2.5958   -2.7924
   98.2700    2.6941   -2.6941
   98.2049    2.9013   -2.9013   97.5771    2.9985   -2.8041
   96.3216    3.1928   -2.6098   95.6938    3.2893   -2.5133
   92.5550    3.2893   -2.5133   89.4162    3.2893   -2.5133
   88.7884    3.1928   -2.6098   87.5329    2.9985   -2.8041
   86.9051    2.9013   -2.9013   87.5329    2.8041   -2.9985
   88.7884    2.6098   -3.1928   89.4162    2.5133   -3.2893
   92.5550    2.5133   -3.2893   95.6938    2.5133   -3.2893
   96.3216    2.6098   -3.1928   97.5771    2.8041   -2.9985
   98.2049    2.9013   -2.9013
   98.1397    3.1086   -3.1086   97.5192    3.2046   -3.0125
   96.2781    3.3967   -2.8204   95.6576    3.4920   -2.7251
   92.5550    3.4920   -2.7251   89.4524    3.4920   -2.7251
   88.8318    3.3967   -2.8204   87.5908    3.2046   -3.0125
   86.9703    3.1086   -3.1086   87.5908    3.0125   -3.2046
   88.8318    2.8204   -3.3967   89.4524    2.7251   -3.4920
   92.5550    2.7251   -3.4920   95.6576    2.7251   -3.4920
   96.2781    2.8204   -3.3967   97.5192    3.0125   -3.2046
   98.1397    3.1086   -3.1086
   98.0746    3.3158   -3.3158   97.4613    3.4107   -3.2209
   96.2347    3.6006   -3.0310   95.6214    3.6948   -2.9368
   92.5550    3.6948   -2.9368   89.4885    3.6948   -2.9368
   88.8753    3.6006   -3.0310   87.6487    3.4107   -3.2209
   87.0354    3.3158   -3.3158   87.6487    3.2209   -3.4107
   88.8753    3.0310   -3.6006   89.4885    2.9368   -3.6948
   92.5550    2.9368   -3.6948   95.6214    2.9368   -3.6948
   96.2347    3.0310   -3.6006   97.4613    3.2209   -3.4107
   98.0746    3.3158   -3.3158
   98.0094    3.5230   -3.5230   97.4034    3.6168   -3.4292
   96.1913    3.8044   -3.2416   95.5852    3.8976   -3.1485
   92.5550    3.8976   -3.1485   89.5247    3.8976   -3.1485
   88.9187    3.8044   -3.2416   87.7066    3.6168   -3.4292
   87.1005    3.5230   -3.5230   87.7066    3.4292   -3.6168
   88.9187    3.2416   -3.8044   89.5247    3.1485   -3.8976
   92.5550    3.1485   -3.8976   95.5852    3.1485   -3.8976
   96.1913    3.2416   -3.8044   97.4034    3.4292   -3.6168
   98.0094    3.5230   -3.5230
   97.9443    3.7303   -3.7303   97.3455    3.8229   -3.6376
   96.1478    4.0083   -3.4522   95.5490    4.1003   -3.3602
   92.5550    4.1003   -3.3602   89.5609    4.1003   -3.3602
   88.9621    4.0083   -3.4522   87.7645    3.8229   -3.6376
   87.1656    3.7303   -3.7303   87.7645    3.6376   -3.8229
   88.9621    3.4522   -4.0083   89.5609    3.3602   -4.1003
   92.5550    3.3602   -4.1003   95.5490    3.3602   -4.1003
   96.1478    3.4522   -4.0083   97.3455    3.6376   -3.8229
   97.9443    3.7303   -3.7303
   97.8791    3.9375   -3.9375   97.2876    4.0291   -3.8459
   96.1044    4.2122   -3.6628   95.5128    4.3031   -3.5719
   92.5550    4.3031   -3.5719   89.5971    4.3031   -3.5719
   89.0055    4.2122   -3.6628   87.8223    4.0291   -3.8459
   87.2308    3.9375   -3.9375   87.8223    3.8459   -4.0291
   89.0055    3.6628   -4.2122   89.5971    3.5719   -4.3031
   92.5550    3.5719   -4.3031   95.5128    3.5719   -4.3031
   96.1044    3.6628   -4.2122   97.2876    3.8459   -4.0291
   97.8791    3.9375   -3.9375
   97.8140    4.1447   -4.1447   97.2297    4.2352   -4.0543
   96.0610    4.4161   -3.8734   95.4766    4.5059   -3.7836
   92.5549    4.5059   -3.7836   89.6332    4.5059   -3.7836
   89.0489    4.4161   -3.8734   87.8802    4.2352   -4.0543
   87.2959    4.1447   -4.1447   87.8802    4.0543   -4.2352
   89.0489    3.8734   -4.4161   89.6332    3.7836   -4.5059
   92.5549    3.7836   -4.5059   95.4766    3.7836   -4.5059
   96.0610    3.8734   -4.4161   97.2297    4.0543   -4.2352
   97.8140    4.1447   -4.1447
   97.7488    4.3520   -4.3520   97.1717    4.4413   -4.2626
   96.0175    4.6199   -4.0840   95.4404    4.7086   -3.9953
   92.5549    4.7086   -3.9953   89.6694    4.7086   -3.9953
   89.0923    4.6199   -4.0840   87.9381    4.4413   -4.2626
   87.3610    4.3520   -4.3520   87.9381    4.2626   -4.4413
   89.0923    4.0840   -4.6199   89.6694    3.9953   -4.7086
   92.5549    3.9953   -4.7086   95.4404    3.9953   -4.7086
   96.0175    4.0840   -4.6199   97.1717    4.2626   -4.4413
   97.7488    4.3520   -4.3520
   97.6837    4.5592   -4.5592   97.1138    4.6474   -4.4710
   95.9741    4.8238   -4.2946   95.4042    4.9114   -4.2070
   92.5549    4.9114   -4.2070   89.7056    4.9114   -4.2070
   89.1357    4.8238   -4.2946   87.9960    4.6474   -4.4710
   87.4262    4.5592   -4.5592   87.9960    4.4710   -4.6474
   89.1357    4.2946   -4.8238   89.7056    4.2070   -4.9114
   92.5549    4.2070   -4.9114   95.4042    4.2070   -4.9114
   95.9741    4.2946   -4.8238   97.1138    4.4710   -4.6474
   97.6837    4.5592   -4.5592
   97.6186    4.7664   -4.7664   97.0559    4.8535   -4.6794
   95.9307    5.0277   -4.5052   95.3680    5.1142   -4.4187
   92.5549    5.1142   -4.4187   89.7418    5.1142   -4.4187
   89.1792    5.0277   -4.5052   88.0539    4.8535   -4.6794
   87.4913    4.7664   -4.7664   88.0539    4.6794   -4.8535
   89.1792    4.5052   -5.0277   89.7418    4.4187   -5.1142
   92.5549    4.4187   -5.1142   95.3680    4.4187   -5.1142
   95.9307    4.5052   -5.0277   97.0559    4.6794   -4.8535
   97.6186    4.7664   -4.7664
   97.5534    4.9737   -4.9737   96.9980    5.0596   -4.8877
   95.8872    5.2316   -4.7158   95.3319    5.3169   -4.6304
   92.5549    5.3169   -4.6304   89.7780    5.3169   -4.6304
   89.2226    5.2316   -4.7158   88.1118    5.0596   -4.8877
   87.5564    4.9737   -4.9737   88.1118    4.8877   -5.0596
   89.2226    4.7158   -5.2316   89.7780    4.6304   -5.3169
   92.5549    4.6304   -5.3169   95.3319    4.6304   -5.3169
   95.8872    4.7158   -5.2316   96.9980    4.8877   -5.0596
   97.5534    4.9737   -4.9737
   97.4883    5.1809   -5.1809   96.9401    5.2658   -5.0961
   95.8438    5.4355   -4.9264   95.2957    5.5197   -4.8421
   92.5549    5.5197   -4.8421   89.8141    5.5197   -4.8421
   89.2660    5.4355   -4.9264   88.1697    5.2658   -5.0961
   87.6215    5.1809   -5.1809   88.1697    5.0961   -5.2658
   89.2660    4.9264   -5.4355   89.8141    4.8421   -5.5197
   92.5549    4.8421   -5.5197   95.2957    4.8421   -5.5197
   95.8438    4.9264   -5.4355   96.9401    5.0961   -5.2658
   97.4883    5.1809   -5.1809
   97.4231    5.3882   -5.3882   96.8822    5.4719   -5.3044
   95.8004    5.6393   -5.1370   95.2595    5.7225   -5.0539
   92.5549    5.7225   -5.0539   89.8503    5.7225   -5.0539
   89.3094    5.6393   -5.1370   88.2276    5.4719   -5.3044
   87.6867    5.3882   -5.3882   88.2276    5.3044   -5.4719
   89.3094    5.1370   -5.6393   89.8503    5.0539   -5.7225
   92.5549    5.0539   -5.7225   95.2595    5.0539   -5.7225
   95.8004    5.1370   -5.6393   96.8822    5.3044   -5.4719
   97.4231    5.3882   -5.3882
   97.3580    5.5954   -5.5954   96.8243    5.6780   -5.5128
   95.7570    5.8432   -5.3476   95.2233    5.9252   -5.2656
   92.5549    5.9252   -5.2656   89.8865    5.9252   -5.2656
   89.3528    5.8432   -5.3476   88.2855    5.6780   -5.5128
   87.7518    5.5954   -5.5954   88.2855    5.5128   -5.6780
   89.3528    5.3476   -5.8432   89.8865    5.2656   -5.9252
   92.5549    5.2656   -5.9252   95.2233    5.2656   -5.9252
   95.7570    5.3476   -5.8432   96.8243    5.5128   -5.6780
   97.3580    5.5954   -5.5954
   97.2928    5.8026   -5.8026   96.7664    5.8841   -5.7211
   95.7135    6.0471   -5.5582   95.1871    6.1280   -5.4773
   92.5549    6.1280   -5.4773   89.9227    6.1280   -5.4773
   89.3962    6.0471   -5.5582   88.3434    5.8841   -5.7211
   87.8169    5.8026   -5.8026   88.3434    5.7211   -5.8841
   89.3962    5.5582   -6.0471   89.9227    5.4773   -6.1280
   92.5549    5.4773   -6.1280   95.1871    5.4773   -6.1280
   95.7135    5.5582   -6.0471   96.7664    5.7211   -5.8841
   97.2928    5.8026   -5.8026
   97.2277    6.0099   -6.0099   96.7085    6.0902   -5.9295
   95.6701    6.2510   -5.7688   95.1509    6.3307   -5.6890
   92.5549    6.3307   -5.6890   89.9589    6.3307   -5.6890
   89.4397    6.2510   -5.7688   88.4013    6.0902   -5.9295
   87.8820    6.0099   -6.0099   88.4013    5.9295   -6.0902
   89.4397    5.7688   -6.2510   89.9589    5.6890   -6.3307
   92.5549    5.6890   -6.3307   95.1509    5.6890   -6.3307
   95.6701    5.7688   -6.2510   96.7085    5.9295   -6.0902
   97.2277    6.0099   -6.0099
   97.1625    6.2171   -6.2171   96.6506    6.2963   -6.1379
   95.6266    6.4548   -5.9794   95.1147    6.5335   -5.9007
   92.5549    6.5335   -5.9007   89.9950    6.5335   -5.9007
   89.4831    6.4548   -5.9794   88.4591    6.2963   -6.1379
   87.9472    6.2171   -6.2171   88.4591    6.1379   -6.2963
   89.4831    5.9794   -6.4548   89.9950    5.9007   -6.5335
   92.5549    5.9007   -6.5335   95.1147    5.9007   -6.5335
   95.6266    5.9794   -6.4548   96.6506    6.1379   -6.2963
   97.1625    6.2171   -6.2171
   97.0974    6.4243   -6.4243   96.5927    6.5025   -6.3462
   95.5832    6.6587   -6.1900   95.0785    6.7363   -6.1124
   92.5549    6.7363   -6.1124   90.0312    6.7363   -6.1124
   89.5265    6.6587   -6.1900   88.5170    6.5025   -6.3462
   88.0123    6.4243   -6.4243   88.5170    6.3462   -6.5025
   89.5265    6.1900   -6.6587   90.0312    6.1124   -6.7363
   92.5549    6.1124   -6.7363   95.0785    6.1124   -6.7363
   95.5832    6.1900   -6.6587   96.5927    6.3462   -6.5025
   97.0974    6.4243   -6.4243
   97.0323    6.6316   -6.6316   96.5348    6.7086   -6.5546
   95.5398    6.8626   -6.4006   95.0423    6.9390   -6.3241
   92.5548    6.9390   -6.3241   90.0674    6.9390   -6.3241
   89.5699    6.8626   -6.4006   88.5749    6.7086   -6.5546
   88.0774    6.6316   -6.6316   88.5749    6.5546   -6.7086
   89.5699    6.4006   -6.8626   90.0674    6.3241   -6.9390
   92.5548    6.3241   -6.9390   95.0423    6.3241   -6.9390
   95.5398    6.4006   -6.8626   96.5348    6.5546   -6.7086
   97.0323    6.6316   -6.6316
   96.9671    6.8388   -6.8388   96.4769    6.9147   -6.7629
   95.4964    7.0665   -6.6112   95.0061    7.1418   -6.5358
   92.5548    7.1418   -6.5358   90.1036    7.1418   -6.5358
   89.6133    7.0665   -6.6112   88.6328    6.9147   -6.7629
   88.1426    6.8388   -6.8388   88.6328    6.7629   -6.9147
   89.6133    6.6112   -7.0665   90.1036    6.5358   -7.1418
   92.5548    6.5358   -7.1418   95.0061    6.5358   -7.1418
   95.4964    6.6112   -7.0665   96.4769    6.7629   -6.9147
   96.9671    6.8388   -6.8388
   96.9020    7.0460   -7.0460   96.4190    7.1208   -6.9713
   95.4529    7.2703   -6.8218   94.9699    7.3446   -6.7475
   92.5548    7.3446   -6.7475   90.1398    7.3446   -6.7475
   89.6567    7.2703   -6.8218   88.6907    7.1208   -6.9713
   88.2077    7.0460   -7.0460   88.6907    6.9713   -7.1208
   89.6567    6.8218   -7.2703   90.1398    6.7475   -7.3446
   92.5548    6.7475   -7.3446   94.9699    6.7475   -7.3446
   95.4529    6.8218   -7.2703   96.4190    6.9713   -7.1208
   96.9020    7.0460   -7.0460
   96.8368    7.2533   -7.2533   96.3610    7.3269   -7.1796
   95.4095    7.4742   -7.0324   94.9337    7.5473   -6.9592
   92.5548    7.5473   -6.9592   90.1759    7.5473   -6.9592
   89.7002    7.4742   -7.0324   88.7486    7.3269   -7.1796
   88.2728    7.2533   -7.2533   88.7486    7.1796   -7.3269
   89.7002    7.0324   -7.4742   90.1759    6.9592   -7.5473
   92.5548    6.9592   -7.5473   94.9337    6.9592   -7.5473
   95.4095    7.0324   -7.4742   96.3610    7.1796   -7.3269
   96.8368    7.2533   -7.2533
   96.7717    7.4605   -7.4605   96.3031    7.5330   -7.3880
   95.3661    7.6781   -7.2430   94.8975    7.7501   -7.1710
   92.5548    7.7501   -7.1710   90.2121    7.7501   -7.1710
   89.7436    7.6781   -7.2430   88.8065    7.5330   -7.3880
   88.3380    7.4605   -7.4605   88.8065    7.3880   -7.5330
   89.7436    7.2430   -7.6781   90.2121    7.1710   -7.7501
   92.5548    7.1710   -7.7501   94.8975    7.1710   -7.7501
   95.3661    7.2430   -7.6781   96.3031    7.3880   -7.5330
   96.7717    7.4605   -7.4605
   96.7065    7.6678   -7.6678   96.2452    7.7392   -7.5964
   95.3226    7.8820   -7.4535   94.8613    7.9529   -7.3827
   92.5548    7.9529   -7.3827   90.2483    7.9529   -7.3827
   89.7870    7.8820   -7.4535   88.8644    7.7392   -7.5964
   88.4031    7.6678   -7.6678   88.8644    7.5964   -7.7392
   89.7870    7.4535   -7.8820   90.2483    7.3827   -7.9529
   92.5548    7.3827   -7.9529   94.8613    7.3827   -7.9529
   95.3226    7.4535   -7.8820   96.2452    7.5964   -7.7392
   96.7065    7.6678   -7.6678
   96.6414    7.8750   -7.8750   96.1873    7.9453   -7.8047
   95.2792    8.0858   -7.6641   94.8251    8.1556   -7.5944
   92.5548    8.1556   -7.5944   90.2845    8.1556   -7.5944
   89.8304    8.0858   -7.6641   88.9223    7.9453   -7.8047
   88.4682    7.8750   -7.8750   88.9223    7.8047   -7.9453
   89.8304    7.6641   -8.0858   90.2845    7.5944   -8.1556
   92.5548    7.5944   -8.1556   94.8251    7.5944   -8.1556
   95.2792    7.6641   -8.0858   96.1873    7.8047   -7.9453
   96.6414    7.8750   -7.8750
   96.5762    8.0822   -8.0822   96.1294    8.1514   -8.0131
   95.2358    8.2897   -7.8747   94.7889    8.3584   -7.8061
   92.5548    8.3584   -7.8061   90.3206    8.3584   -7.8061
   89.8738    8.2897   -7.8747   88.9802    8.1514   -8.0131
   88.5333    8.0822   -8.0822   88.9802    8.0131   -8.1514
   89.8738    7.8747   -8.2897   90.3206    7.8061   -8.3584
   92.5548    7.8061   -8.3584   94.7889    7.8061   -8.3584
   95.2358    7.8747   -8.2897   96.1294    8.0131   -8.1514
   96.5762    8.0822   -8.0822
   96.5111    8.2895   -8.2895   96.0715    8.3575   -8.2214
   95.1923    8.4936   -8.0853   94.7527    8.5611   -8.0178
   92.5548    8.5611   -8.0178   90.3568    8.5611   -8.0178
   89.9172    8.4936   -8.0853   89.0381    8.3575   -8.2214
   88.5985    8.2895   -8.2895   89.0381    8.2214   -8.3575
   89.9172    8.0853   -8.4936   90.3568    8.0178   -8.5611
   92.5548    8.0178   -8.5611   94.7527    8.0178   -8.5611
   95.1923    8.0853   -8.4936   96.0715    8.2214   -8.3575
   96.5111    8.2895   -8.2895
   96.4460    8.4967   -8.4967   96.0136    8.5636   -8.4298
   95.1489    8.6975   -8.2959   94.7165    8.7639   -8.2295
   92.5548    8.7639   -8.2295   90.3930    8.7639   -8.2295
   89.9606    8.6975   -8.2959   89.0959    8.5636   -8.4298
   88.6636    8.4967   -8.4967   89.0959    8.4298   -8.5636
   89.9606    8.2959   -8.6975   90.3930    8.2295   -8.7639
   92.5548    8.2295   -8.7639   94.7165    8.2295   -8.7639
   95.1489    8.2959   -8.6975   96.0136    8.4298   -8.5636
   96.4460    8.4967   -8.4967
   96.3808    8.7039   -8.7039   95.9557    8.7697   -8.6381
   95.1055    8.9013   -8.5065   94.6803    8.9667   -8.4412
   92.5548    8.9667   -8.4412   90.4292    8.9667   -8.4412
   90.0041    8.9013   -8.5065   89.1538    8.7697   -8.6381
   88.7287    8.7039   -8.7039   89.1538    8.6381   -8.7697
   90.0041    8.5065   -8.9013   90.4292    8.4412   -8.9667
   92.5548    8.4412   -8.9667   94.6803    8.4412   -8.9667
   95.1055    8.5065   -8.9013   95.9557    8.6381   -8.7697
   96.3808    8.7039   -8.7039
   96.3157    8.9112   -8.9112   95.8978    8.9759   -8.8465
   95.0620    9.1052   -8.7171   94.6441    9.1694   -8.6529
   92.5548    9.1694   -8.6529   90.4654    9.1694   -8.6529
   90.0475    9.1052   -8.7171   89.2117    8.9759   -8.8465
   88.7938    8.9112   -8.9112   89.2117    8.8465   -8.9759
   90.0475    8.7171   -9.1052   90.4654    8.6529   -9.1694
   92.5548    8.6529   -9.1694   94.6441    8.6529   -9.1694
   95.0620    8.7171   -9.1052   95.8978    8.8465   -8.9759
   96.3157    8.9112   -8.9112
   96.2505    9.1184   -9.1184   95.8399    9.1820   -9.0549
   95.0186    9.3091   -8.9277   94.6080    9.3722   -8.8646
   92.5547    9.3722   -8.8646   90.5015    9.3722   -8.8646
   90.0909    9.3091   -8.9277   89.2696    9.1820   -9.0549
   88.8590    9.1184   -9.1184   89.2696    9.0549   -9.1820
   90.0909    8.9277   -9.3091   90.5015    8.8646   -9.3722
   92.5547    8.8646   -9.3722   94.6080    8.8646   -9.3722
   95.0186    8.9277   -9.3091   95.8399    9.0549   -9.1820
   96.2505    9.1184   -9.1184
   96.1854    9.3257   -9.3257   95.7820    9.3881   -9.2632
   94.9752    9.5130   -9.1383   94.5718    9.5750   -9.0763
   92.5547    9.5750   -9.0763   90.5377    9.5750   -9.0763
   90.1343    9.5130   -9.1383   89.3275    9.3881   -9.2632
   88.9241    9.3257   -9.3257   89.3275    9.2632   -9.3881
   90.1343    9.1383   -9.5130   90.5377    9.0763   -9.5750
   92.5547    9.0763   -9.5750   94.5718    9.0763   -9.5750
   94.9752    9.1383   -9.5130   95.7820    9.2632   -9.3881
   96.1854    9.3257   -9.3257
   96.1202    9.5329   -9.5329   95.7241    9.5942   -9.4716
   94.9317    9.7168   -9.3489   94.5356    9.7777   -9.2880
   92.5547    9.7777   -9.2880   90.5739    9.7777   -9.2880
   90.1777    9.7168   -9.3489   89.3854    9.5942   -9.4716
   88.9892    9.5329   -9.5329   89.3854    9.4716   -9.5942
   90.1777    9.3489   -9.7168   90.5739    9.2880   -9.7777
   92.5547    9.2880   -9.7777   94.5356    9.2880   -9.7777
   94.9317    9.3489   -9.7168   95.7241    9.4716   -9.5942
   96.1202    9.5329   -9.5329
   96.0551    9.7401   -9.7401   95.6662    9.8003   -9.6799
   94.8883    9.9207   -9.5595   94.4994    9.9805   -9.4998
   92.5547    9.9805   -9.4998   90.6101    9.9805   -9.4998
   90.2211    9.9207   -9.5595   89.4433    9.8003   -9.6799
   89.0544    9.7401   -9.7401   89.4433    9.6799   -9.8003
   90.2211    9.5595   -9.9207   90.6101    9.4998   -9.9805
   92.5547    9.4998   -9.9805   94.4994    9.4998   -9.9805
   94.8883    9.5595   -9.9207   95.6662    9.6799   -9.8003
   96.0551    9.7401   -9.7401
   95.9899    9.9474   -9.9474   95.6083   10.0064   -9.8883
   94.8449   10.1246   -9.7701   94.4632   10.1833   -9.7115
   92.5547   10.1833   -9.7115   90.6463   10.1833   -9.7115
   90.2646   10.1246   -9.7701   89.5012   10.0064   -9.8883
   89.1195    9.9474   -9.9474   89.5012    9.8883  -10.0064
   90.2646    9.7701  -10.1246   90.6463    9.7115  -10.1833
   92.5547    9.7115  -10.1833   94.4632    9.7115  -10.1833
   94.8449    9.7701  -10.1246   95.6083    9.8883  -10.0064
   95.9899    9.9474   -9.9474
   95.9248   10.1546  -10.1546   95.5503   10.2126  -10.0966
   94.8014   10.3285   -9.9807   94.4270   10.3860   -9.9232
   92.5547   10.3860   -9.9232   90.6824   10.3860   -9.9232
   90.3080   10.3285   -9.9807   89.5591   10.2126  -10.0966
   89.1846   10.1546  -10.1546   89.5591   10.0966  -10.2126
   90.3080    9.9807  -10.3285   90.6824    9.9232  -10.3860
   92.5547    9.9232  -10.3860   94.4270    9.9232  -10.3860
   94.8014    9.9807  -10.3285   95.5503   10.0966  -10.2126
   95.9248   10.1546  -10.1546
   95.8597   10.3618  -10.3618   95.4924   10.4187  -10.3050
   94.7580   10.5324  -10.1913   94.3908   10.5888  -10.1349
   92.5547   10.5888  -10.1349   90.7186   10.5888  -10.1349
   90.3514   10.5324  -10.1913   89.6170   10.4187  -10.3050
   89.2497   10.3618  -10.3618   89.6170   10.3050  -10.4187
   90.3514   10.1913  -10.5324   90.7186   10.1349  -10.5888
   92.5547   10.1349  -10.5888   94.3908   10.1349  -10.5888
   94.7580   10.1913  -10.5324   95.4924   10.3050  -10.4187
   95.8597   10.3618  -10.3618
   95.7945   10.5691  -10.5691   95.4345   10.6248  -10.5134
   94.7146   10.7362  -10.4019   94.3546   10.7915  -10.3466
   92.5547   10.7915  -10.3466   90.7548   10.7915  -10.3466
   90.3948   10.7362  -10.4019   89.6749   10.6248  -10.5134
   89.3149   10.5691  -10.5691   89.6749   10.5134  -10.6248
   90.3948   10.4019  -10.7362   90.7548   10.3466  -10.7915
   92.5547   10.3466  -10.7915   94.3546   10.3466  -10.7915
   94.7146   10.4019  -10.7362   95.4345   10.5134  -10.6248
   95.7945   10.5691  -10.5691
   95.7294   10.7763  -10.7763   95.3766   10.8309  -10.7217
   94.6711   10.9401  -10.6125   94.3184   10.9943  -10.5583
   92.5547   10.9943  -10.5583   90.7910   10.9943  -10.5583
   90.4382   10.9401  -10.6125   89.7327   10.8309  -10.7217
   89.3800   10.7763  -10.7763   89.7327   10.7217  -10.8309
   90.4382   10.6125  -10.9401   90.7910   10.5583  -10.9943
   92.5547   10.5583  -10.9943   94.3184   10.5583  -10.9943
   94.6711   10.6125  -10.9401   95.3766   10.7217  -10.8309
   95.7294   10.7763  -10.7763
$POINTS for network #  3   wingbase1                                         
       1.0
       1.0                                     0.0       0.0
       9.0       5.0                                                  wingbase1 
   95.7294   10.7763   10.7763   95.3766   10.7217   10.8309
   94.6711   10.6125   10.9401   94.3184   10.5583   10.9943
   92.5547   10.5583   10.9943   90.7910   10.5583   10.9943
   90.4382   10.6125   10.9401   89.7327   10.7217   10.8309
   89.3800   10.7763   10.7763
   95.7294   10.7763   10.7763   95.3766   10.7490   10.8036
   94.6711   10.6944   10.8582   94.3184   10.6673   10.8853
   92.5547   10.6673   10.8853   90.7910   10.6673   10.8853
   90.4382   10.6944   10.8582   89.7327   10.7490   10.8036
   89.3800   10.7763   10.7763
   95.7294   10.7763   10.7763   95.3766   10.7763   10.7763
   94.6711   10.7763   10.7763   94.3184   10.7763   10.7763
   92.5547   10.7763   10.7763   90.7910   10.7763   10.7763
   90.4382   10.7763   10.7763   89.7327   10.7763   10.7763
   89.3800   10.7763   10.7763
   95.7294   10.7763   10.7763   95.3766   10.8036   10.7490
   94.6711   10.8582   10.6944   94.3184   10.8853   10.6673
   92.5547   10.8853   10.6673   90.7910   10.8853   10.6673
   90.4382   10.8582   10.6944   89.7327   10.8036   10.7490
   89.3800   10.7763   10.7763
   95.7294   10.7763   10.7763   95.3766   10.8309   10.7217
   94.6711   10.9401   10.6125   94.3184   10.9943   10.5583
   92.5547   10.9943   10.5583   90.7910   10.9943   10.5583
   90.4382   10.9401   10.6125   89.7327   10.8309   10.7217
   89.3800   10.7763   10.7763
$POINTS for network #  4   wingbase2                                         
       1.0
       1.0                                     0.0       0.0
       9.0       5.0                                                  wingbase2 
   95.7294   10.7763  -10.7763   95.3766   10.8309  -10.7217
   94.6711   10.9401  -10.6125   94.3184   10.9943  -10.5583
   92.5547   10.9943  -10.5583   90.7910   10.9943  -10.5583
   90.4382   10.9401  -10.6125   89.7327   10.8309  -10.7217
   89.3800   10.7763  -10.7763
   95.7294   10.7763  -10.7763   95.3766   10.8036  -10.7490
   94.6711   10.8582  -10.6944   94.3184   10.8853  -10.6673
   92.5547   10.8853  -10.6673   90.7910   10.8853  -10.6673
   90.4382   10.8582  -10.6944   89.7327   10.8036  -10.7490
   89.3800   10.7763  -10.7763
   95.7294   10.7763  -10.7763   95.3766   10.7763  -10.7763
   94.6711   10.7763  -10.7763   94.3184   10.7763  -10.7763
   92.5547   10.7763  -10.7763   90.7910   10.7763  -10.7763
   90.4382   10.7763  -10.7763   89.7327   10.7763  -10.7763
   89.3800   10.7763  -10.7763
   95.7294   10.7763  -10.7763   95.3766   10.7490  -10.8036
   94.6711   10.6944  -10.8582   94.3184   10.6673  -10.8853
   92.5547   10.6673  -10.8853   90.7910   10.6673  -10.8853
   90.4382   10.6944  -10.8582   89.7327   10.7490  -10.8036
   89.3800   10.7763  -10.7763
   95.7294   10.7763  -10.7763   95.3766   10.7217  -10.8309
   94.6711   10.6125  -10.9401   94.3184   10.5583  -10.9943
   92.5547   10.5583  -10.9943   90.7910   10.5583  -10.9943
   90.4382   10.6125  -10.9401   89.7327   10.7217  -10.8309
   89.3800   10.7763  -10.7763
$POINTS for network #  5   n_fb_up                                           
       1.0
       1.0                                     0.0       0.0
      49.0      11.0                                                  n_fb_up   
    0.0000    0.0000    0.0000    1.0026    0.4050    0.0000
    2.0053    0.7848    0.0000    3.0079    1.1401    0.0000
    4.0105    1.4715    0.0000    5.0132    1.7793    0.0000
    6.0158    2.0642    0.0000    7.0184    2.3265    0.0000
    8.0211    2.5665    0.0000    9.0237    2.7846    0.0000
   10.0263    2.9811    0.0000   11.0289    3.1562    0.0000
   12.0316    3.3102    0.0000   13.0342    3.4433    0.0000
   14.0368    3.5556    0.0000   15.0395    3.6474    0.0000
   16.0421    3.7186    0.0000   17.0447    3.7694    0.0000
   18.0474    3.7999    0.0000   19.0500    3.8100    0.0000
   21.3876    3.8100    0.0000   23.7252    3.8100    0.0000
   26.0628    3.8100    0.0000   28.4003    3.8100    0.0000
   30.7379    3.8100    0.0000   33.0755    3.8100    0.0000
   35.4131    3.8100    0.0000   37.7507    3.8100    0.0000
   40.0883    3.8100    0.0000   42.4259    3.8100    0.0000
   44.7634    3.8100    0.0000   47.1010    3.8100    0.0000
   49.4386    3.8100    0.0000   51.7762    3.8100    0.0000
   54.1138    3.8100    0.0000   56.4514    3.8100    0.0000
   58.7890    3.8100    0.0000   61.1266    3.8100    0.0000
   63.4641    3.8100    0.0000   65.8017    3.8100    0.0000
   68.1393    3.8100    0.0000   70.4769    3.8100    0.0000
   72.8145    3.8100    0.0000   75.1521    3.8100    0.0000
   77.4897    3.8100    0.0000   79.8272    3.8100    0.0000
   82.1648    3.8100    0.0000   84.5024    3.8100    0.0000
   86.8400    3.8100    0.0000
    0.0000    0.0000    0.0000    1.0026    0.4000    0.0634
    2.0053    0.7752    0.1228    3.0079    1.1261    0.1784
    4.0105    1.4534    0.2302    5.0132    1.7574    0.2784
    6.0158    2.0388    0.3229    7.0184    2.2978    0.3639
    8.0211    2.5349    0.4015    9.0237    2.7503    0.4356
   10.0263    2.9444    0.4663   11.0289    3.1173    0.4937
   12.0316    3.2695    0.5178   13.0342    3.4009    0.5387
   14.0368    3.5119    0.5562   15.0395    3.6025    0.5706
   16.0421    3.6728    0.5817   17.0447    3.7230    0.5897
   18.0474    3.7531    0.5944   19.0500    3.7631    0.5960
   21.3876    3.7631    0.5960   23.7252    3.7631    0.5960
   26.0628    3.7631    0.5960   28.4003    3.7631    0.5960
   30.7379    3.7631    0.5960   33.0755    3.7631    0.5960
   35.4131    3.7631    0.5960   37.7507    3.7631    0.5960
   40.0883    3.7631    0.5960   42.4259    3.7631    0.5960
   44.7634    3.7631    0.5960   47.1010    3.7631    0.5960
   49.4386    3.7631    0.5960   51.7762    3.7631    0.5960
   54.1138    3.7631    0.5960   56.4514    3.7631    0.5960
   58.7890    3.7631    0.5960   61.1266    3.7631    0.5960
   63.4641    3.7631    0.5960   65.8017    3.7631    0.5960
   68.1393    3.7631    0.5960   70.4769    3.7631    0.5960
   72.8145    3.7631    0.5960   75.1521    3.7631    0.5960
   77.4897    3.7631    0.5960   79.8272    3.7631    0.5960
   82.1648    3.7631    0.5960   84.5024    3.7631    0.5960
   86.8400    3.7631    0.5960
    0.0000    0.0000    0.0000    1.0026    0.3852    0.1251
    2.0053    0.7464    0.2425    3.0079    1.0843    0.3523
    4.0105    1.3995    0.4547    5.0132    1.6923    0.5498
    6.0158    1.9632    0.6379    7.0184    2.2126    0.7189
    8.0211    2.4409    0.7931    9.0237    2.6483    0.8605
   10.0263    2.8352    0.9212   11.0289    3.0017    0.9753
   12.0316    3.1482    1.0229   13.0342    3.2748    1.0640
   14.0368    3.3816    1.0988   15.0395    3.4688    1.1271
   16.0421    3.5366    1.1491   17.0447    3.5849    1.1648
   18.0474    3.6139    1.1742   19.0500    3.6235    1.1774
   21.3876    3.6235    1.1774   23.7252    3.6235    1.1774
   26.0628    3.6235    1.1774   28.4003    3.6235    1.1774
   30.7379    3.6235    1.1774   33.0755    3.6235    1.1774
   35.4131    3.6235    1.1774   37.7507    3.6235    1.1774
   40.0883    3.6235    1.1774   42.4259    3.6235    1.1774
   44.7634    3.6235    1.1774   47.1010    3.6235    1.1774
   49.4386    3.6235    1.1774   51.7762    3.6235    1.1774
   54.1138    3.6235    1.1774   56.4514    3.6235    1.1774
   58.7890    3.6235    1.1774   61.1266    3.6235    1.1774
   63.4641    3.6235    1.1774   65.8017    3.6235    1.1774
   68.1393    3.6235    1.1774   70.4769    3.6235    1.1774
   72.8145    3.6235    1.1774   75.1521    3.6235    1.1774
   77.4897    3.6235    1.1774   79.8272    3.6235    1.1774
   82.1648    3.6235    1.1774   84.5024    3.6235    1.1774
   86.8400    3.6235    1.1774
    0.0000    0.0000    0.0000    1.0026    0.3608    0.1839
    2.0053    0.6993    0.3563    3.0079    1.0159    0.5176
    4.0105    1.3111    0.6680    5.0132    1.5854    0.8078
    6.0158    1.8392    0.9371    7.0184    2.0729    1.0562
    8.0211    2.2867    1.1652    9.0237    2.4811    1.2642
   10.0263    2.6562    1.3534   11.0289    2.8122    1.4329
   12.0316    2.9494    1.5028   13.0342    3.0680    1.5632
   14.0368    3.1681    1.6142   15.0395    3.2498    1.6559
   16.0421    3.3133    1.6882   17.0447    3.3586    1.7113
   18.0474    3.3857    1.7251   19.0500    3.3947    1.7297
   21.3876    3.3947    1.7297   23.7252    3.3947    1.7297
   26.0628    3.3947    1.7297   28.4003    3.3947    1.7297
   30.7379    3.3947    1.7297   33.0755    3.3947    1.7297
   35.4131    3.3947    1.7297   37.7507    3.3947    1.7297
   40.0883    3.3947    1.7297   42.4259    3.3947    1.7297
   44.7634    3.3947    1.7297   47.1010    3.3947    1.7297
   49.4386    3.3947    1.7297   51.7762    3.3947    1.7297
   54.1138    3.3947    1.7297   56.4514    3.3947    1.7297
   58.7890    3.3947    1.7297   61.1266    3.3947    1.7297
   63.4641    3.3947    1.7297   65.8017    3.3947    1.7297
   68.1393    3.3947    1.7297   70.4769    3.3947    1.7297
   72.8145    3.3947    1.7297   75.1521    3.3947    1.7297
   77.4897    3.3947    1.7297   79.8272    3.3947    1.7297
   82.1648    3.3947    1.7297   84.5024    3.3947    1.7297
   86.8400    3.3947    1.7297
    0.0000    0.0000    0.0000    1.0026    0.3276    0.2380
    2.0053    0.6349    0.4613    3.0079    0.9224    0.6702
    4.0105    1.1904    0.8649    5.0132    1.4395    1.0459
    6.0158    1.6700    1.2133    7.0184    1.8821    1.3675
    8.0211    2.0763    1.5085    9.0237    2.2528    1.6367
   10.0263    2.4117    1.7522   11.0289    2.5534    1.8552
   12.0316    2.6780    1.9457   13.0342    2.7857    2.0239
   14.0368    2.8766    2.0900   15.0395    2.9508    2.1439
   16.0421    3.0084    2.1857   17.0447    3.0495    2.2156
   18.0474    3.0741    2.2335   19.0500    3.0824    2.2395
   21.3876    3.0824    2.2395   23.7252    3.0824    2.2395
   26.0628    3.0824    2.2395   28.4003    3.0824    2.2395
   30.7379    3.0824    2.2395   33.0755    3.0824    2.2395
   35.4131    3.0824    2.2395   37.7507    3.0824    2.2395
   40.0883    3.0824    2.2395   42.4259    3.0824    2.2395
   44.7634    3.0824    2.2395   47.1010    3.0824    2.2395
   49.4386    3.0824    2.2395   51.7762    3.0824    2.2395
   54.1138    3.0824    2.2395   56.4514    3.0824    2.2395
   58.7890    3.0824    2.2395   61.1266    3.0824    2.2395
   63.4641    3.0824    2.2395   65.8017    3.0824    2.2395
   68.1393    3.0824    2.2395   70.4769    3.0824    2.2395
   72.8145    3.0824    2.2395   75.1521    3.0824    2.2395
   77.4897    3.0824    2.2395   79.8272    3.0824    2.2395
   82.1648    3.0824    2.2395   84.5024    3.0824    2.2395
   86.8400    3.0824    2.2395
    0.0000    0.0000    0.0000    1.0026    0.2864    0.2864
    2.0053    0.5549    0.5549    3.0079    0.8062    0.8062
    4.0105    1.0405    1.0405    5.0132    1.2582    1.2582
    6.0158    1.4596    1.4596    7.0184    1.6451    1.6451
    8.0211    1.8148    1.8148    9.0237    1.9690    1.9690
   10.0263    2.1079    2.1079   11.0289    2.2318    2.2318
   12.0316    2.3407    2.3407   13.0342    2.4348    2.4348
   14.0368    2.5142    2.5142   15.0395    2.5791    2.5791
   16.0421    2.6294    2.6294   17.0447    2.6654    2.6654
   18.0474    2.6869    2.6869   19.0500    2.6941    2.6941
   21.3876    2.6941    2.6941   23.7252    2.6941    2.6941
   26.0628    2.6941    2.6941   28.4003    2.6941    2.6941
   30.7379    2.6941    2.6941   33.0755    2.6941    2.6941
   35.4131    2.6941    2.6941   37.7507    2.6941    2.6941
   40.0883    2.6941    2.6941   42.4259    2.6941    2.6941
   44.7634    2.6941    2.6941   47.1010    2.6941    2.6941
   49.4386    2.6941    2.6941   51.7762    2.6941    2.6941
   54.1138    2.6941    2.6941   56.4514    2.6941    2.6941
   58.7890    2.6941    2.6941   61.1266    2.6941    2.6941
   63.4641    2.6941    2.6941   65.8017    2.6941    2.6941
   68.1393    2.6941    2.6941   70.4769    2.6941    2.6941
   72.8145    2.6941    2.6941   75.1521    2.6941    2.6941
   77.4897    2.6941    2.6941   79.8272    2.6941    2.6941
   82.1648    2.6941    2.6941   84.5024    2.6941    2.6941
   86.8400    2.6941    2.6941
    0.0000    0.0000    0.0000    1.0026    0.2380    0.3276
    2.0053    0.4613    0.6349    3.0079    0.6702    0.9224
    4.0105    0.8649    1.1904    5.0132    1.0459    1.4395
    6.0158    1.2133    1.6700    7.0184    1.3675    1.8821
    8.0211    1.5085    2.0763    9.0237    1.6367    2.2528
   10.0263    1.7522    2.4117   11.0289    1.8552    2.5534
   12.0316    1.9457    2.6780   13.0342    2.0239    2.7857
   14.0368    2.0900    2.8766   15.0395    2.1439    2.9508
   16.0421    2.1857    3.0084   17.0447    2.2156    3.0495
   18.0474    2.2335    3.0741   19.0500    2.2395    3.0824
   21.3876    2.2395    3.0824   23.7252    2.2395    3.0824
   26.0628    2.2395    3.0824   28.4003    2.2395    3.0824
   30.7379    2.2395    3.0824   33.0755    2.2395    3.0824
   35.4131    2.2395    3.0824   37.7507    2.2395    3.0824
   40.0883    2.2395    3.0824   42.4259    2.2395    3.0824
   44.7634    2.2395    3.0824   47.1010    2.2395    3.0824
   49.4386    2.2395    3.0824   51.7762    2.2395    3.0824
   54.1138    2.2395    3.0824   56.4514    2.2395    3.0824
   58.7890    2.2395    3.0824   61.1266    2.2395    3.0824
   63.4641    2.2395    3.0824   65.8017    2.2395    3.0824
   68.1393    2.2395    3.0824   70.4769    2.2395    3.0824
   72.8145    2.2395    3.0824   75.1521    2.2395    3.0824
   77.4897    2.2395    3.0824   79.8272    2.2395    3.0824
   82.1648    2.2395    3.0824   84.5024    2.2395    3.0824
   86.8400    2.2395    3.0824
    0.0000    0.0000    0.0000    1.0026    0.1839    0.3608
    2.0053    0.3563    0.6993    3.0079    0.5176    1.0159
    4.0105    0.6680    1.3111    5.0132    0.8078    1.5854
    6.0158    0.9371    1.8392    7.0184    1.0562    2.0729
    8.0211    1.1652    2.2867    9.0237    1.2642    2.4811
   10.0263    1.3534    2.6562   11.0289    1.4329    2.8122
   12.0316    1.5028    2.9494   13.0342    1.5632    3.0680
   14.0368    1.6142    3.1681   15.0395    1.6559    3.2498
   16.0421    1.6882    3.3133   17.0447    1.7113    3.3586
   18.0474    1.7251    3.3857   19.0500    1.7297    3.3947
   21.3876    1.7297    3.3947   23.7252    1.7297    3.3947
   26.0628    1.7297    3.3947   28.4003    1.7297    3.3947
   30.7379    1.7297    3.3947   33.0755    1.7297    3.3947
   35.4131    1.7297    3.3947   37.7507    1.7297    3.3947
   40.0883    1.7297    3.3947   42.4259    1.7297    3.3947
   44.7634    1.7297    3.3947   47.1010    1.7297    3.3947
   49.4386    1.7297    3.3947   51.7762    1.7297    3.3947
   54.1138    1.7297    3.3947   56.4514    1.7297    3.3947
   58.7890    1.7297    3.3947   61.1266    1.7297    3.3947
   63.4641    1.7297    3.3947   65.8017    1.7297    3.3947
   68.1393    1.7297    3.3947   70.4769    1.7297    3.3947
   72.8145    1.7297    3.3947   75.1521    1.7297    3.3947
   77.4897    1.7297    3.3947   79.8272    1.7297    3.3947
   82.1648    1.7297    3.3947   84.5024    1.7297    3.3947
   86.8400    1.7297    3.3947
    0.0000    0.0000    0.0000    1.0026    0.1251    0.3852
    2.0053    0.2425    0.7464    3.0079    0.3523    1.0843
    4.0105    0.4547    1.3995    5.0132    0.5498    1.6923
    6.0158    0.6379    1.9632    7.0184    0.7189    2.2126
    8.0211    0.7931    2.4409    9.0237    0.8605    2.6483
   10.0263    0.9212    2.8352   11.0289    0.9753    3.0017
   12.0316    1.0229    3.1482   13.0342    1.0640    3.2748
   14.0368    1.0988    3.3816   15.0395    1.1271    3.4688
   16.0421    1.1491    3.5366   17.0447    1.1648    3.5849
   18.0474    1.1742    3.6139   19.0500    1.1774    3.6235
   21.3876    1.1774    3.6235   23.7252    1.1774    3.6235
   26.0628    1.1774    3.6235   28.4003    1.1774    3.6235
   30.7379    1.1774    3.6235   33.0755    1.1774    3.6235
   35.4131    1.1774    3.6235   37.7507    1.1774    3.6235
   40.0883    1.1774    3.6235   42.4259    1.1774    3.6235
   44.7634    1.1774    3.6235   47.1010    1.1774    3.6235
   49.4386    1.1774    3.6235   51.7762    1.1774    3.6235
   54.1138    1.1774    3.6235   56.4514    1.1774    3.6235
   58.7890    1.1774    3.6235   61.1266    1.1774    3.6235
   63.4641    1.1774    3.6235   65.8017    1.1774    3.6235
   68.1393    1.1774    3.6235   70.4769    1.1774    3.6235
   72.8145    1.1774    3.6235   75.1521    1.1774    3.6235
   77.4897    1.1774    3.6235   79.8272    1.1774    3.6235
   82.1648    1.1774    3.6235   84.5024    1.1774    3.6235
   86.8400    1.1774    3.6235
    0.0000    0.0000    0.0000    1.0026    0.0634    0.4000
    2.0053    0.1228    0.7752    3.0079    0.1784    1.1261
    4.0105    0.2302    1.4534    5.0132    0.2784    1.7574
    6.0158    0.3229    2.0388    7.0184    0.3639    2.2978
    8.0211    0.4015    2.5349    9.0237    0.4356    2.7503
   10.0263    0.4663    2.9444   11.0289    0.4937    3.1173
   12.0316    0.5178    3.2695   13.0342    0.5387    3.4009
   14.0368    0.5562    3.5119   15.0395    0.5706    3.6025
   16.0421    0.5817    3.6728   17.0447    0.5897    3.7230
   18.0474    0.5944    3.7531   19.0500    0.5960    3.7631
   21.3876    0.5960    3.7631   23.7252    0.5960    3.7631
   26.0628    0.5960    3.7631   28.4003    0.5960    3.7631
   30.7379    0.5960    3.7631   33.0755    0.5960    3.7631
   35.4131    0.5960    3.7631   37.7507    0.5960    3.7631
   40.0883    0.5960    3.7631   42.4259    0.5960    3.7631
   44.7634    0.5960    3.7631   47.1010    0.5960    3.7631
   49.4386    0.5960    3.7631   51.7762    0.5960    3.7631
   54.1138    0.5960    3.7631   56.4514    0.5960    3.7631
   58.7890    0.5960    3.7631   61.1266    0.5960    3.7631
   63.4641    0.5960    3.7631   65.8017    0.5960    3.7631
   68.1393    0.5960    3.7631   70.4769    0.5960    3.7631
   72.8145    0.5960    3.7631   75.1521    0.5960    3.7631
   77.4897    0.5960    3.7631   79.8272    0.5960    3.7631
   82.1648    0.5960    3.7631   84.5024    0.5960    3.7631
   86.8400    0.5960    3.7631
    0.0000    0.0000    0.0000    1.0026    0.0000    0.4050
    2.0053    0.0000    0.7848    3.0079    0.0000    1.1401
    4.0105    0.0000    1.4715    5.0132    0.0000    1.7793
    6.0158    0.0000    2.0642    7.0184    0.0000    2.3265
    8.0211    0.0000    2.5665    9.0237    0.0000    2.7846
   10.0263    0.0000    2.9811   11.0289    0.0000    3.1562
   12.0316    0.0000    3.3102   13.0342    0.0000    3.4433
   14.0368    0.0000    3.5556   15.0395    0.0000    3.6474
   16.0421    0.0000    3.7186   17.0447    0.0000    3.7694
   18.0474    0.0000    3.7999   19.0500    0.0000    3.8100
   21.3876    0.0000    3.8100   23.7252    0.0000    3.8100
   26.0628    0.0000    3.8100   28.4003    0.0000    3.8100
   30.7379    0.0000    3.8100   33.0755    0.0000    3.8100
   35.4131    0.0000    3.8100   37.7507    0.0000    3.8100
   40.0883    0.0000    3.8100   42.4259    0.0000    3.8100
   44.7634    0.0000    3.8100   47.1010    0.0000    3.8100
   49.4386    0.0000    3.8100   51.7762    0.0000    3.8100
   54.1138    0.0000    3.8100   56.4514    0.0000    3.8100
   58.7890    0.0000    3.8100   61.1266    0.0000    3.8100
   63.4641    0.0000    3.8100   65.8017    0.0000    3.8100
   68.1393    0.0000    3.8100   70.4769    0.0000    3.8100
   72.8145    0.0000    3.8100   75.1521    0.0000    3.8100
   77.4897    0.0000    3.8100   79.8272    0.0000    3.8100
   82.1648    0.0000    3.8100   84.5024    0.0000    3.8100
   86.8400    0.0000    3.8100
$POINTS for network #  6   n_fb_low                                          
       1.0
       1.0                                     0.0       0.0
      49.0      11.0                                                  n_fb_low  
    0.0000    0.0000    0.0000    1.0026    0.0000   -0.4050
    2.0053    0.0000   -0.7848    3.0079    0.0000   -1.1401
    4.0105    0.0000   -1.4715    5.0132    0.0000   -1.7793
    6.0158    0.0000   -2.0642    7.0184    0.0000   -2.3265
    8.0211    0.0000   -2.5665    9.0237    0.0000   -2.7846
   10.0263    0.0000   -2.9811   11.0289    0.0000   -3.1562
   12.0316    0.0000   -3.3102   13.0342    0.0000   -3.4433
   14.0368    0.0000   -3.5556   15.0395    0.0000   -3.6474
   16.0421    0.0000   -3.7186   17.0447    0.0000   -3.7694
   18.0474    0.0000   -3.7999   19.0500    0.0000   -3.8100
   21.3876    0.0000   -3.8100   23.7252    0.0000   -3.8100
   26.0628    0.0000   -3.8100   28.4003    0.0000   -3.8100
   30.7379    0.0000   -3.8100   33.0755    0.0000   -3.8100
   35.4131    0.0000   -3.8100   37.7507    0.0000   -3.8100
   40.0883    0.0000   -3.8100   42.4259    0.0000   -3.8100
   44.7634    0.0000   -3.8100   47.1010    0.0000   -3.8100
   49.4386    0.0000   -3.8100   51.7762    0.0000   -3.8100
   54.1138    0.0000   -3.8100   56.4514    0.0000   -3.8100
   58.7890    0.0000   -3.8100   61.1266    0.0000   -3.8100
   63.4641    0.0000   -3.8100   65.8017    0.0000   -3.8100
   68.1393    0.0000   -3.8100   70.4769    0.0000   -3.8100
   72.8145    0.0000   -3.8100   75.1521    0.0000   -3.8100
   77.4897    0.0000   -3.8100   79.8272    0.0000   -3.8100
   82.1648    0.0000   -3.8100   84.5024    0.0000   -3.8100
   86.8400    0.0000   -3.8100
    0.0000    0.0000    0.0000    1.0026    0.0634   -0.4000
    2.0053    0.1228   -0.7752    3.0079    0.1784   -1.1261
    4.0105    0.2302   -1.4534    5.0132    0.2784   -1.7574
    6.0158    0.3229   -2.0388    7.0184    0.3639   -2.2978
    8.0211    0.4015   -2.5349    9.0237    0.4356   -2.7503
   10.0263    0.4663   -2.9444   11.0289    0.4937   -3.1173
   12.0316    0.5178   -3.2695   13.0342    0.5387   -3.4009
   14.0368    0.5562   -3.5119   15.0395    0.5706   -3.6025
   16.0421    0.5817   -3.6728   17.0447    0.5897   -3.7230
   18.0474    0.5944   -3.7531   19.0500    0.5960   -3.7631
   21.3876    0.5960   -3.7631   23.7252    0.5960   -3.7631
   26.0628    0.5960   -3.7631   28.4003    0.5960   -3.7631
   30.7379    0.5960   -3.7631   33.0755    0.5960   -3.7631
   35.4131    0.5960   -3.7631   37.7507    0.5960   -3.7631
   40.0883    0.5960   -3.7631   42.4259    0.5960   -3.7631
   44.7634    0.5960   -3.7631   47.1010    0.5960   -3.7631
   49.4386    0.5960   -3.7631   51.7762    0.5960   -3.7631
   54.1138    0.5960   -3.7631   56.4514    0.5960   -3.7631
   58.7890    0.5960   -3.7631   61.1266    0.5960   -3.7631
   63.4641    0.5960   -3.7631   65.8017    0.5960   -3.7631
   68.1393    0.5960   -3.7631   70.4769    0.5960   -3.7631
   72.8145    0.5960   -3.7631   75.1521    0.5960   -3.7631
   77.4897    0.5960   -3.7631   79.8272    0.5960   -3.7631
   82.1648    0.5960   -3.7631   84.5024    0.5960   -3.7631
   86.8400    0.5960   -3.7631
    0.0000    0.0000    0.0000    1.0026    0.1251   -0.3852
    2.0053    0.2425   -0.7464    3.0079    0.3523   -1.0843
    4.0105    0.4547   -1.3995    5.0132    0.5498   -1.6923
    6.0158    0.6379   -1.9632    7.0184    0.7189   -2.2126
    8.0211    0.7931   -2.4409    9.0237    0.8605   -2.6483
   10.0263    0.9212   -2.8352   11.0289    0.9753   -3.0017
   12.0316    1.0229   -3.1482   13.0342    1.0640   -3.2748
   14.0368    1.0988   -3.3816   15.0395    1.1271   -3.4688
   16.0421    1.1491   -3.5366   17.0447    1.1648   -3.5849
   18.0474    1.1742   -3.6139   19.0500    1.1774   -3.6235
   21.3876    1.1774   -3.6235   23.7252    1.1774   -3.6235
   26.0628    1.1774   -3.6235   28.4003    1.1774   -3.6235
   30.7379    1.1774   -3.6235   33.0755    1.1774   -3.6235
   35.4131    1.1774   -3.6235   37.7507    1.1774   -3.6235
   40.0883    1.1774   -3.6235   42.4259    1.1774   -3.6235
   44.7634    1.1774   -3.6235   47.1010    1.1774   -3.6235
   49.4386    1.1774   -3.6235   51.7762    1.1774   -3.6235
   54.1138    1.1774   -3.6235   56.4514    1.1774   -3.6235
   58.7890    1.1774   -3.6235   61.1266    1.1774   -3.6235
   63.4641    1.1774   -3.6235   65.8017    1.1774   -3.6235
   68.1393    1.1774   -3.6235   70.4769    1.1774   -3.6235
   72.8145    1.1774   -3.6235   75.1521    1.1774   -3.6235
   77.4897    1.1774   -3.6235   79.8272    1.1774   -3.6235
   82.1648    1.1774   -3.6235   84.5024    1.1774   -3.6235
   86.8400    1.1774   -3.6235
    0.0000    0.0000    0.0000    1.0026    0.1839   -0.3608
    2.0053    0.3563   -0.6993    3.0079    0.5176   -1.0159
    4.0105    0.6680   -1.3111    5.0132    0.8078   -1.5854
    6.0158    0.9371   -1.8392    7.0184    1.0562   -2.0729
    8.0211    1.1652   -2.2867    9.0237    1.2642   -2.4811
   10.0263    1.3534   -2.6562   11.0289    1.4329   -2.8122
   12.0316    1.5028   -2.9494   13.0342    1.5632   -3.0680
   14.0368    1.6142   -3.1681   15.0395    1.6559   -3.2498
   16.0421    1.6882   -3.3133   17.0447    1.7113   -3.3586
   18.0474    1.7251   -3.3857   19.0500    1.7297   -3.3947
   21.3876    1.7297   -3.3947   23.7252    1.7297   -3.3947
   26.0628    1.7297   -3.3947   28.4003    1.7297   -3.3947
   30.7379    1.7297   -3.3947   33.0755    1.7297   -3.3947
   35.4131    1.7297   -3.3947   37.7507    1.7297   -3.3947
   40.0883    1.7297   -3.3947   42.4259    1.7297   -3.3947
   44.7634    1.7297   -3.3947   47.1010    1.7297   -3.3947
   49.4386    1.7297   -3.3947   51.7762    1.7297   -3.3947
   54.1138    1.7297   -3.3947   56.4514    1.7297   -3.3947
   58.7890    1.7297   -3.3947   61.1266    1.7297   -3.3947
   63.4641    1.7297   -3.3947   65.8017    1.7297   -3.3947
   68.1393    1.7297   -3.3947   70.4769    1.7297   -3.3947
   72.8145    1.7297   -3.3947   75.1521    1.7297   -3.3947
   77.4897    1.7297   -3.3947   79.8272    1.7297   -3.3947
   82.1648    1.7297   -3.3947   84.5024    1.7297   -3.3947
   86.8400    1.7297   -3.3947
    0.0000    0.0000    0.0000    1.0026    0.2380   -0.3276
    2.0053    0.4613   -0.6349    3.0079    0.6702   -0.9224
    4.0105    0.8649   -1.1904    5.0132    1.0459   -1.4395
    6.0158    1.2133   -1.6700    7.0184    1.3675   -1.8821
    8.0211    1.5085   -2.0763    9.0237    1.6367   -2.2528
   10.0263    1.7522   -2.4117   11.0289    1.8552   -2.5534
   12.0316    1.9457   -2.6780   13.0342    2.0239   -2.7857
   14.0368    2.0900   -2.8766   15.0395    2.1439   -2.9508
   16.0421    2.1857   -3.0084   17.0447    2.2156   -3.0495
   18.0474    2.2335   -3.0741   19.0500    2.2395   -3.0824
   21.3876    2.2395   -3.0824   23.7252    2.2395   -3.0824
   26.0628    2.2395   -3.0824   28.4003    2.2395   -3.0824
   30.7379    2.2395   -3.0824   33.0755    2.2395   -3.0824
   35.4131    2.2395   -3.0824   37.7507    2.2395   -3.0824
   40.0883    2.2395   -3.0824   42.4259    2.2395   -3.0824
   44.7634    2.2395   -3.0824   47.1010    2.2395   -3.0824
   49.4386    2.2395   -3.0824   51.7762    2.2395   -3.0824
   54.1138    2.2395   -3.0824   56.4514    2.2395   -3.0824
   58.7890    2.2395   -3.0824   61.1266    2.2395   -3.0824
   63.4641    2.2395   -3.0824   65.8017    2.2395   -3.0824
   68.1393    2.2395   -3.0824   70.4769    2.2395   -3.0824
   72.8145    2.2395   -3.0824   75.1521    2.2395   -3.0824
   77.4897    2.2395   -3.0824   79.8272    2.2395   -3.0824
   82.1648    2.2395   -3.0824   84.5024    2.2395   -3.0824
   86.8400    2.2395   -3.0824
    0.0000    0.0000    0.0000    1.0026    0.2864   -0.2864
    2.0053    0.5549   -0.5549    3.0079    0.8062   -0.8062
    4.0105    1.0405   -1.0405    5.0132    1.2582   -1.2582
    6.0158    1.4596   -1.4596    7.0184    1.6451   -1.6451
    8.0211    1.8148   -1.8148    9.0237    1.9690   -1.9690
   10.0263    2.1079   -2.1079   11.0289    2.2318   -2.2318
   12.0316    2.3407   -2.3407   13.0342    2.4348   -2.4348
   14.0368    2.5142   -2.5142   15.0395    2.5791   -2.5791
   16.0421    2.6294   -2.6294   17.0447    2.6654   -2.6654
   18.0474    2.6869   -2.6869   19.0500    2.6941   -2.6941
   21.3876    2.6941   -2.6941   23.7252    2.6941   -2.6941
   26.0628    2.6941   -2.6941   28.4003    2.6941   -2.6941
   30.7379    2.6941   -2.6941   33.0755    2.6941   -2.6941
   35.4131    2.6941   -2.6941   37.7507    2.6941   -2.6941
   40.0883    2.6941   -2.6941   42.4259    2.6941   -2.6941
   44.7634    2.6941   -2.6941   47.1010    2.6941   -2.6941
   49.4386    2.6941   -2.6941   51.7762    2.6941   -2.6941
   54.1138    2.6941   -2.6941   56.4514    2.6941   -2.6941
   58.7890    2.6941   -2.6941   61.1266    2.6941   -2.6941
   63.4641    2.6941   -2.6941   65.8017    2.6941   -2.6941
   68.1393    2.6941   -2.6941   70.4769    2.6941   -2.6941
   72.8145    2.6941   -2.6941   75.1521    2.6941   -2.6941
   77.4897    2.6941   -2.6941   79.8272    2.6941   -2.6941
   82.1648    2.6941   -2.6941   84.5024    2.6941   -2.6941
   86.8400    2.6941   -2.6941
    0.0000    0.0000    0.0000    1.0026    0.3276   -0.2380
    2.0053    0.6349   -0.4613    3.0079    0.9224   -0.6702
    4.0105    1.1904   -0.8649    5.0132    1.4395   -1.0459
    6.0158    1.6700   -1.2133    7.0184    1.8821   -1.3675
    8.0211    2.0763   -1.5085    9.0237    2.2528   -1.6367
   10.0263    2.4117   -1.7522   11.0289    2.5534   -1.8552
   12.0316    2.6780   -1.9457   13.0342    2.7857   -2.0239
   14.0368    2.8766   -2.0900   15.0395    2.9508   -2.1439
   16.0421    3.0084   -2.1857   17.0447    3.0495   -2.2156
   18.0474    3.0741   -2.2335   19.0500    3.0824   -2.2395
   21.3876    3.0824   -2.2395   23.7252    3.0824   -2.2395
   26.0628    3.0824   -2.2395   28.4003    3.0824   -2.2395
   30.7379    3.0824   -2.2395   33.0755    3.0824   -2.2395
   35.4131    3.0824   -2.2395   37.7507    3.0824   -2.2395
   40.0883    3.0824   -2.2395   42.4259    3.0824   -2.2395
   44.7634    3.0824   -2.2395   47.1010    3.0824   -2.2395
   49.4386    3.0824   -2.2395   51.7762    3.0824   -2.2395
   54.1138    3.0824   -2.2395   56.4514    3.0824   -2.2395
   58.7890    3.0824   -2.2395   61.1266    3.0824   -2.2395
   63.4641    3.0824   -2.2395   65.8017    3.0824   -2.2395
   68.1393    3.0824   -2.2395   70.4769    3.0824   -2.2395
   72.8145    3.0824   -2.2395   75.1521    3.0824   -2.2395
   77.4897    3.0824   -2.2395   79.8272    3.0824   -2.2395
   82.1648    3.0824   -2.2395   84.5024    3.0824   -2.2395
   86.8400    3.0824   -2.2395
    0.0000    0.0000    0.0000    1.0026    0.3608   -0.1839
    2.0053    0.6993   -0.3563    3.0079    1.0159   -0.5176
    4.0105    1.3111   -0.6680    5.0132    1.5854   -0.8078
    6.0158    1.8392   -0.9371    7.0184    2.0729   -1.0562
    8.0211    2.2867   -1.1652    9.0237    2.4811   -1.2642
   10.0263    2.6562   -1.3534   11.0289    2.8122   -1.4329
   12.0316    2.9494   -1.5028   13.0342    3.0680   -1.5632
   14.0368    3.1681   -1.6142   15.0395    3.2498   -1.6559
   16.0421    3.3133   -1.6882   17.0447    3.3586   -1.7113
   18.0474    3.3857   -1.7251   19.0500    3.3947   -1.7297
   21.3876    3.3947   -1.7297   23.7252    3.3947   -1.7297
   26.0628    3.3947   -1.7297   28.4003    3.3947   -1.7297
   30.7379    3.3947   -1.7297   33.0755    3.3947   -1.7297
   35.4131    3.3947   -1.7297   37.7507    3.3947   -1.7297
   40.0883    3.3947   -1.7297   42.4259    3.3947   -1.7297
   44.7634    3.3947   -1.7297   47.1010    3.3947   -1.7297
   49.4386    3.3947   -1.7297   51.7762    3.3947   -1.7297
   54.1138    3.3947   -1.7297   56.4514    3.3947   -1.7297
   58.7890    3.3947   -1.7297   61.1266    3.3947   -1.7297
   63.4641    3.3947   -1.7297   65.8017    3.3947   -1.7297
   68.1393    3.3947   -1.7297   70.4769    3.3947   -1.7297
   72.8145    3.3947   -1.7297   75.1521    3.3947   -1.7297
   77.4897    3.3947   -1.7297   79.8272    3.3947   -1.7297
   82.1648    3.3947   -1.7297   84.5024    3.3947   -1.7297
   86.8400    3.3947   -1.7297
    0.0000    0.0000    0.0000    1.0026    0.3852   -0.1251
    2.0053    0.7464   -0.2425    3.0079    1.0843   -0.3523
    4.0105    1.3995   -0.4547    5.0132    1.6923   -0.5498
    6.0158    1.9632   -0.6379    7.0184    2.2126   -0.7189
    8.0211    2.4409   -0.7931    9.0237    2.6483   -0.8605
   10.0263    2.8352   -0.9212   11.0289    3.0017   -0.9753
   12.0316    3.1482   -1.0229   13.0342    3.2748   -1.0640
   14.0368    3.3816   -1.0988   15.0395    3.4688   -1.1271
   16.0421    3.5366   -1.1491   17.0447    3.5849   -1.1648
   18.0474    3.6139   -1.1742   19.0500    3.6235   -1.1774
   21.3876    3.6235   -1.1774   23.7252    3.6235   -1.1774
   26.0628    3.6235   -1.1774   28.4003    3.6235   -1.1774
   30.7379    3.6235   -1.1774   33.0755    3.6235   -1.1774
   35.4131    3.6235   -1.1774   37.7507    3.6235   -1.1774
   40.0883    3.6235   -1.1774   42.4259    3.6235   -1.1774
   44.7634    3.6235   -1.1774   47.1010    3.6235   -1.1774
   49.4386    3.6235   -1.1774   51.7762    3.6235   -1.1774
   54.1138    3.6235   -1.1774   56.4514    3.6235   -1.1774
   58.7890    3.6235   -1.1774   61.1266    3.6235   -1.1774
   63.4641    3.6235   -1.1774   65.8017    3.6235   -1.1774
   68.1393    3.6235   -1.1774   70.4769    3.6235   -1.1774
   72.8145    3.6235   -1.1774   75.1521    3.6235   -1.1774
   77.4897    3.6235   -1.1774   79.8272    3.6235   -1.1774
   82.1648    3.6235   -1.1774   84.5024    3.6235   -1.1774
   86.8400    3.6235   -1.1774
    0.0000    0.0000    0.0000    1.0026    0.4000   -0.0634
    2.0053    0.7752   -0.1228    3.0079    1.1261   -0.1784
    4.0105    1.4534   -0.2302    5.0132    1.7574   -0.2784
    6.0158    2.0388   -0.3229    7.0184    2.2978   -0.3639
    8.0211    2.5349   -0.4015    9.0237    2.7503   -0.4356
   10.0263    2.9444   -0.4663   11.0289    3.1173   -0.4937
   12.0316    3.2695   -0.5178   13.0342    3.4009   -0.5387
   14.0368    3.5119   -0.5562   15.0395    3.6025   -0.5706
   16.0421    3.6728   -0.5817   17.0447    3.7230   -0.5897
   18.0474    3.7531   -0.5944   19.0500    3.7631   -0.5960
   21.3876    3.7631   -0.5960   23.7252    3.7631   -0.5960
   26.0628    3.7631   -0.5960   28.4003    3.7631   -0.5960
   30.7379    3.7631   -0.5960   33.0755    3.7631   -0.5960
   35.4131    3.7631   -0.5960   37.7507    3.7631   -0.5960
   40.0883    3.7631   -0.5960   42.4259    3.7631   -0.5960
   44.7634    3.7631   -0.5960   47.1010    3.7631   -0.5960
   49.4386    3.7631   -0.5960   51.7762    3.7631   -0.5960
   54.1138    3.7631   -0.5960   56.4514    3.7631   -0.5960
   58.7890    3.7631   -0.5960   61.1266    3.7631   -0.5960
   63.4641    3.7631   -0.5960   65.8017    3.7631   -0.5960
   68.1393    3.7631   -0.5960   70.4769    3.7631   -0.5960
   72.8145    3.7631   -0.5960   75.1521    3.7631   -0.5960
   77.4897    3.7631   -0.5960   79.8272    3.7631   -0.5960
   82.1648    3.7631   -0.5960   84.5024    3.7631   -0.5960
   86.8400    3.7631   -0.5960
    0.0000    0.0000    0.0000    1.0026    0.4050    0.0000
    2.0053    0.7848    0.0000    3.0079    1.1401    0.0000
    4.0105    1.4715    0.0000    5.0132    1.7793    0.0000
    6.0158    2.0642    0.0000    7.0184    2.3265    0.0000
    8.0211    2.5665    0.0000    9.0237    2.7846    0.0000
   10.0263    2.9811    0.0000   11.0289    3.1562    0.0000
   12.0316    3.3102    0.0000   13.0342    3.4433    0.0000
   14.0368    3.5556    0.0000   15.0395    3.6474    0.0000
   16.0421    3.7186    0.0000   17.0447    3.7694    0.0000
   18.0474    3.7999    0.0000   19.0500    3.8100    0.0000
   21.3876    3.8100    0.0000   23.7252    3.8100    0.0000
   26.0628    3.8100    0.0000   28.4003    3.8100    0.0000
   30.7379    3.8100    0.0000   33.0755    3.8100    0.0000
   35.4131    3.8100    0.0000   37.7507    3.8100    0.0000
   40.0883    3.8100    0.0000   42.4259    3.8100    0.0000
   44.7634    3.8100    0.0000   47.1010    3.8100    0.0000
   49.4386    3.8100    0.0000   51.7762    3.8100    0.0000
   54.1138    3.8100    0.0000   56.4514    3.8100    0.0000
   58.7890    3.8100    0.0000   61.1266    3.8100    0.0000
   63.4641    3.8100    0.0000   65.8017    3.8100    0.0000
   68.1393    3.8100    0.0000   70.4769    3.8100    0.0000
   72.8145    3.8100    0.0000   75.1521    3.8100    0.0000
   77.4897    3.8100    0.0000   79.8272    3.8100    0.0000
   82.1648    3.8100    0.0000   84.5024    3.8100    0.0000
   86.8400    3.8100    0.0000
$POINTS for network #  7   mbody_up                                          
       1.0
       1.0                                     0.0       0.0
       9.0       6.0                                                  mbody_up  
   98.2700    0.0000    3.8100   97.6350    0.0000    3.8100
   96.3650    0.0000    3.8100   95.7300    0.0000    3.8100
   92.5550    0.0000    3.8100   89.3800    0.0000    3.8100
   88.7450    0.0000    3.8100   87.4750    0.0000    3.8100
   86.8400    0.0000    3.8100
   98.2700    0.5960    3.7631   97.6350    0.5960    3.7631
   96.3650    0.5960    3.7631   95.7300    0.5960    3.7631
   92.5550    0.5960    3.7631   89.3800    0.5960    3.7631
   88.7450    0.5960    3.7631   87.4750    0.5960    3.7631
   86.8400    0.5960    3.7631
   98.2700    1.1774    3.6235   97.6350    1.1774    3.6235
   96.3650    1.1774    3.6235   95.7300    1.1774    3.6235
   92.5550    1.1774    3.6235   89.3800    1.1774    3.6235
   88.7450    1.1774    3.6235   87.4750    1.1774    3.6235
   86.8400    1.1774    3.6235
   98.2700    1.7297    3.3947   97.6350    1.7297    3.3947
   96.3650    1.7297    3.3947   95.7300    1.7297    3.3947
   92.5550    1.7297    3.3947   89.3800    1.7297    3.3947
   88.7450    1.7297    3.3947   87.4750    1.7297    3.3947
   86.8400    1.7297    3.3947
   98.2700    2.2395    3.0824   97.6350    2.2395    3.0824
   96.3650    2.2395    3.0824   95.7300    2.2395    3.0824
   92.5550    2.2395    3.0824   89.3800    2.2395    3.0824
   88.7450    2.2395    3.0824   87.4750    2.2395    3.0824
   86.8400    2.2395    3.0824
   98.2700    2.6941    2.6941   97.6350    2.5958    2.7924
   96.3650    2.3992    2.9889   95.7300    2.3016    3.0865
   92.5550    2.3016    3.0865   89.3800    2.3016    3.0865
   88.7450    2.3992    2.9889   87.4750    2.5958    2.7924
   86.8400    2.6941    2.6941
$POINTS for network #  8   mbody_low                                         
       1.0
       1.0                                     0.0       0.0
       9.0       6.0                                                  mbody_low 
   98.2700    2.6941    2.6941   97.6350    2.7924    2.5958
   96.3650    2.9889    2.3992   95.7300    3.0865    2.3016
   92.5550    3.0865    2.3016   89.3800    3.0865    2.3016
   88.7450    2.9889    2.3992   87.4750    2.7924    2.5958
   86.8400    2.6941    2.6941
   98.2700    3.0824    2.2395   97.6350    3.0824    2.2395
   96.3650    3.0824    2.2395   95.7300    3.0824    2.2395
   92.5550    3.0824    2.2395   89.3800    3.0824    2.2395
   88.7450    3.0824    2.2395   87.4750    3.0824    2.2395
   86.8400    3.0824    2.2395
   98.2700    3.3947    1.7297   97.6350    3.3947    1.7297
   96.3650    3.3947    1.7297   95.7300    3.3947    1.7297
   92.5550    3.3947    1.7297   89.3800    3.3947    1.7297
   88.7450    3.3947    1.7297   87.4750    3.3947    1.7297
   86.8400    3.3947    1.7297
   98.2700    3.6235    1.1774   97.6350    3.6235    1.1774
   96.3650    3.6235    1.1774   95.7300    3.6235    1.1774
   92.5550    3.6235    1.1774   89.3800    3.6235    1.1774
   88.7450    3.6235    1.1774   87.4750    3.6235    1.1774
   86.8400    3.6235    1.1774
   98.2700    3.7631    0.5960   97.6350    3.7631    0.5960
   96.3650    3.7631    0.5960   95.7300    3.7631    0.5960
   92.5550    3.7631    0.5960   89.3800    3.7631    0.5960
   88.7450    3.7631    0.5960   87.4750    3.7631    0.5960
   86.8400    3.7631    0.5960
   98.2700    3.8100    0.0000   97.6350    3.8100    0.0000
   96.3650    3.8100    0.0000   95.7300    3.8100    0.0000
   92.5550    3.8100    0.0000   89.3800    3.8100    0.0000
   88.7450    3.8100    0.0000   87.4750    3.8100    0.0000
   86.8400    3.8100    0.0000
$POINTS for network #  9   mbody_up2                                         
       1.0
       1.0                                     0.0       0.0
       9.0       6.0                                                  mbody_up2 
   98.2700    3.8100    0.0000   97.6350    3.8100    0.0000
   96.3650    3.8100    0.0000   95.7300    3.8100    0.0000
   92.5550    3.8100    0.0000   89.3800    3.8100    0.0000
   88.7450    3.8100    0.0000   87.4750    3.8100    0.0000
   86.8400    3.8100    0.0000
   98.2700    3.7631   -0.5960   97.6350    3.7631   -0.5960
   96.3650    3.7631   -0.5960   95.7300    3.7631   -0.5960
   92.5550    3.7631   -0.5960   89.3800    3.7631   -0.5960
   88.7450    3.7631   -0.5960   87.4750    3.7631   -0.5960
   86.8400    3.7631   -0.5960
   98.2700    3.6235   -1.1774   97.6350    3.6235   -1.1774
   96.3650    3.6235   -1.1774   95.7300    3.6235   -1.1774
   92.5550    3.6235   -1.1774   89.3800    3.6235   -1.1774
   88.7450    3.6235   -1.1774   87.4750    3.6235   -1.1774
   86.8400    3.6235   -1.1774
   98.2700    3.3947   -1.7297   97.6350    3.3947   -1.7297
   96.3650    3.3947   -1.7297   95.7300    3.3947   -1.7297
   92.5550    3.3947   -1.7297   89.3800    3.3947   -1.7297
   88.7450    3.3947   -1.7297   87.4750    3.3947   -1.7297
   86.8400    3.3947   -1.7297
   98.2700    3.0824   -2.2395   97.6350    3.0824   -2.2395
   96.3650    3.0824   -2.2395   95.7300    3.0824   -2.2395
   92.5550    3.0824   -2.2395   89.3800    3.0824   -2.2395
   88.7450    3.0824   -2.2395   87.4750    3.0824   -2.2395
   86.8400    3.0824   -2.2395
   98.2700    2.6941   -2.6941   97.6350    2.7924   -2.5958
   96.3650    2.9889   -2.3992   95.7300    3.0865   -2.3016
   92.5550    3.0865   -2.3016   89.3800    3.0865   -2.3016
   88.7450    2.9889   -2.3992   87.4750    2.7924   -2.5958
   86.8400    2.6941   -2.6941
$POINTS for network # 10   mbody_low2                                        
       1.0
       1.0                                     0.0       0.0
       9.0       6.0                                                  mbody_low2
   98.2700    2.6941   -2.6941   97.6350    2.5958   -2.7924
   96.3650    2.3992   -2.9889   95.7300    2.3016   -3.0865
   92.5550    2.3016   -3.0865   89.3800    2.3016   -3.0865
   88.7450    2.3992   -2.9889   87.4750    2.5958   -2.7924
   86.8400    2.6941   -2.6941
   98.2700    2.2395   -3.0824   97.6350    2.2395   -3.0824
   96.3650    2.2395   -3.0824   95.7300    2.2395   -3.0824
   92.5550    2.2395   -3.0824   89.3800    2.2395   -3.0824
   88.7450    2.2395   -3.0824   87.4750    2.2395   -3.0824
   86.8400    2.2395   -3.0824
   98.2700    1.7297   -3.3947   97.6350    1.7297   -3.3947
   96.3650    1.7297   -3.3947   95.7300    1.7297   -3.3947
   92.5550    1.7297   -3.3947   89.3800    1.7297   -3.3947
   88.7450    1.7297   -3.3947   87.4750    1.7297   -3.3947
   86.8400    1.7297   -3.3947
   98.2700    1.1774   -3.6235   97.6350    1.1774   -3.6235
   96.3650    1.1774   -3.6235   95.7300    1.1774   -3.6235
   92.5550    1.1774   -3.6235   89.3800    1.1774   -3.6235
   88.7450    1.1774   -3.6235   87.4750    1.1774   -3.6235
   86.8400    1.1774   -3.6235
   98.2700    0.5960   -3.7631   97.6350    0.5960   -3.7631
   96.3650    0.5960   -3.7631   95.7300    0.5960   -3.7631
   92.5550    0.5960   -3.7631   89.3800    0.5960   -3.7631
   88.7450    0.5960   -3.7631   87.4750    0.5960   -3.7631
   86.8400    0.5960   -3.7631
   98.2700    0.0000   -3.8100   97.6350    0.0000   -3.8100
   96.3650    0.0000   -3.8100   95.7300    0.0000   -3.8100
   92.5550    0.0000   -3.8100   89.3800    0.0000   -3.8100
   88.7450    0.0000   -3.8100   87.4750    0.0000   -3.8100
   86.8400    0.0000   -3.8100
$POINTS for network # 11   abody_up                                          
       1.0
       1.0                                     0.0       0.0
       5.0      11.0                                                  abody_up  
   98.2700    3.8100    0.0000   99.2850    3.8005    0.0000
  100.3000    3.7910    0.0000  101.3150    3.7814    0.0000
  102.3300    3.7719    0.0000
   98.2700    3.7631    0.5960   99.2850    3.7537    0.5945
  100.3000    3.7443    0.5930  101.3150    3.7349    0.5915
  102.3300    3.7255    0.5901
   98.2700    3.6235    1.1774   99.2850    3.6145    1.1744
  100.3000    3.6054    1.1715  101.3150    3.5963    1.1685
  102.3300    3.5873    1.1656
   98.2700    3.3947    1.7297   99.2850    3.3862    1.7254
  100.3000    3.3778    1.7211  101.3150    3.3693    1.7167
  102.3300    3.3608    1.7124
   98.2700    3.0824    2.2395   99.2850    3.0746    2.2339
  100.3000    3.0669    2.2283  101.3150    3.0592    2.2227
  102.3300    3.0515    2.2171
   98.2700    2.6941    2.6941   99.2850    2.6873    2.6873
  100.3000    2.6806    2.6806  101.3150    2.6739    2.6739
  102.3300    2.6671    2.6671
   98.2700    2.2395    3.0824   99.2850    2.2339    3.0746
  100.3000    2.2283    3.0669  101.3150    2.2227    3.0592
  102.3300    2.2171    3.0515
   98.2700    1.7297    3.3947   99.2850    1.7254    3.3862
  100.3000    1.7211    3.3778  101.3150    1.7167    3.3693
  102.3300    1.7124    3.3608
   98.2700    1.1774    3.6235   99.2850    1.1744    3.6145
  100.3000    1.1715    3.6054  101.3150    1.1685    3.5963
  102.3300    1.1656    3.5873
   98.2700    0.5960    3.7631   99.2850    0.5945    3.7537
  100.3000    0.5930    3.7443  101.3150    0.5915    3.7349
  102.3300    0.5901    3.7255
   98.2700    0.0000    3.8100   99.2850    0.0000    3.8005
  100.3000    0.0000    3.7910  101.3150    0.0000    3.7814
  102.3300    0.0000    3.7719
$POINTS for network # 12   abody_low                                         
       1.0
       1.0                                     0.0       0.0
       5.0      11.0                                                  abody_low 
   98.2700    0.0000   -3.8100   99.2850    0.0000   -3.8005
  100.3000    0.0000   -3.7910  101.3150    0.0000   -3.7814
  102.3300    0.0000   -3.7719
   98.2700    0.5960   -3.7631   99.2850    0.5945   -3.7537
  100.3000    0.5930   -3.7443  101.3150    0.5915   -3.7349
  102.3300    0.5901   -3.7255
   98.2700    1.1774   -3.6235   99.2850    1.1744   -3.6145
  100.3000    1.1715   -3.6054  101.3150    1.1685   -3.5963
  102.3300    1.1656   -3.5873
   98.2700    1.7297   -3.3947   99.2850    1.7254   -3.3862
  100.3000    1.7211   -3.3778  101.3150    1.7167   -3.3693
  102.3300    1.7124   -3.3608
   98.2700    2.2395   -3.0824   99.2850    2.2339   -3.0746
  100.3000    2.2283   -3.0669  101.3150    2.2227   -3.0592
  102.3300    2.2171   -3.0515
   98.2700    2.6941   -2.6941   99.2850    2.6873   -2.6873
  100.3000    2.6806   -2.6806  101.3150    2.6739   -2.6739
  102.3300    2.6671   -2.6671
   98.2700    3.0824   -2.2395   99.2850    3.0746   -2.2339
  100.3000    3.0669   -2.2283  101.3150    3.0592   -2.2227
  102.3300    3.0515   -2.2171
   98.2700    3.3947   -1.7297   99.2850    3.3862   -1.7254
  100.3000    3.3778   -1.7211  101.3150    3.3693   -1.7167
  102.3300    3.3608   -1.7124
   98.2700    3.6235   -1.1774   99.2850    3.6145   -1.1744
  100.3000    3.6054   -1.1715  101.3150    3.5963   -1.1685
  102.3300    3.5873   -1.1656
   98.2700    3.7631   -0.5960   99.2850    3.7537   -0.5945
  100.3000    3.7443   -0.5930  101.3150    3.7349   -0.5915
  102.3300    3.7255   -0.5901
   98.2700    3.8100    0.0000   99.2850    3.8005    0.0000
  100.3000    3.7910    0.0000  101.3150    3.7814    0.0000
  102.3300    3.7719    0.0000
$POINTS for network # 13   bodybase                                          
       1.0
       5.0                                     0.0       0.0
      21.0       3.0                                                  bodybase  
  102.3300    0.0000    3.7719  102.3300    0.5901    3.7255
  102.3300    1.1656    3.5873  102.3300    1.7124    3.3608
  102.3300    2.2171    3.0515  102.3300    2.6671    2.6671
  102.3300    3.0515    2.2171  102.3300    3.3608    1.7124
  102.3300    3.5873    1.1656  102.3300    3.7255    0.5901
  102.3300    3.7719    0.0000  102.3300    3.7255   -0.5901
  102.3300    3.5873   -1.1656  102.3300    3.3608   -1.7124
  102.3300    3.0515   -2.2171  102.3300    2.6671   -2.6671
  102.3300    2.2171   -3.0515  102.3300    1.7124   -3.3608
  102.3300    1.1656   -3.5873  102.3300    0.5901   -3.7255
  102.3300    0.0000   -3.7719
  102.3300    0.0000    1.8859  102.3300    0.2950    1.8627
  102.3300    0.5828    1.7936  102.3300    0.8562    1.6804
  102.3300    1.1085    1.5258  102.3300    1.3336    1.3336
  102.3300    1.5258    1.1085  102.3300    1.6804    0.8562
  102.3300    1.7936    0.5828  102.3300    1.8627    0.2950
  102.3300    1.8859    0.0000  102.3300    1.8627   -0.2950
  102.3300    1.7936   -0.5828  102.3300    1.6804   -0.8562
  102.3300    1.5258   -1.1085  102.3300    1.3336   -1.3336
  102.3300    1.1085   -1.5258  102.3300    0.8562   -1.6804
  102.3300    0.5828   -1.7936  102.3300    0.2950   -1.8627
  102.3300    0.0000   -1.8859
  102.3300    0.0000    0.0000  102.3300    0.0000    0.0000
  102.3300    0.0000    0.0000  102.3300    0.0000    0.0000
  102.3300    0.0000    0.0000  102.3300    0.0000    0.0000
  102.3300    0.0000    0.0000  102.3300    0.0000    0.0000
  102.3300    0.0000    0.0000  102.3300    0.0000    0.0000
  102.3300    0.0000    0.0000  102.3300    0.0000    0.0000
  102.3300    0.0000    0.0000  102.3300    0.0000    0.0000
  102.3300    0.0000    0.0000  102.3300    0.0000    0.0000
  102.3300    0.0000    0.0000  102.3300    0.0000    0.0000
  102.3300    0.0000    0.0000  102.3300    0.0000    0.0000
  102.3300    0.0000    0.0000
$POINTS for network # 14   wingwake1                                         
       1.0
      18.0                                     0.0       0.0
       2.0      40.0                                                  wingwake1 
   98.2700    2.6941    2.6941  571.5000    2.6941    2.6941
   98.2049    2.9013    2.9013  571.5000    2.9013    2.9013
   98.1397    3.1086    3.1086  571.5000    3.1086    3.1086
   98.0746    3.3158    3.3158  571.5000    3.3158    3.3158
   98.0094    3.5230    3.5230  571.5000    3.5230    3.5230
   97.9443    3.7303    3.7303  571.5000    3.7303    3.7303
   97.8791    3.9375    3.9375  571.5000    3.9375    3.9375
   97.8140    4.1447    4.1447  571.5000    4.1447    4.1447
   97.7488    4.3520    4.3520  571.5000    4.3520    4.3520
   97.6837    4.5592    4.5592  571.5000    4.5592    4.5592
   97.6186    4.7664    4.7664  571.5000    4.7664    4.7664
   97.5534    4.9737    4.9737  571.5000    4.9737    4.9737
   97.4883    5.1809    5.1809  571.5000    5.1809    5.1809
   97.4231    5.3882    5.3882  571.5000    5.3882    5.3882
   97.3580    5.5954    5.5954  571.5000    5.5954    5.5954
   97.2928    5.8026    5.8026  571.5000    5.8026    5.8026
   97.2277    6.0099    6.0099  571.5000    6.0099    6.0099
   97.1625    6.2171    6.2171  571.5000    6.2171    6.2171
   97.0974    6.4243    6.4243  571.5000    6.4243    6.4243
   97.0323    6.6316    6.6316  571.5000    6.6316    6.6316
   96.9671    6.8388    6.8388  571.5000    6.8388    6.8388
   96.9020    7.0460    7.0460  571.5000    7.0460    7.0460
   96.8368    7.2533    7.2533  571.5000    7.2533    7.2533
   96.7717    7.4605    7.4605  571.5000    7.4605    7.4605
   96.7065    7.6678    7.6678  571.5000    7.6678    7.6678
   96.6414    7.8750    7.8750  571.5000    7.8750    7.8750
   96.5762    8.0822    8.0822  571.5000    8.0822    8.0822
   96.5111    8.2895    8.2895  571.5000    8.2895    8.2895
   96.4460    8.4967    8.4967  571.5000    8.4967    8.4967
   96.3808    8.7039    8.7039  571.5000    8.7039    8.7039
   96.3157    8.9112    8.9112  571.5000    8.9112    8.9112
   96.2505    9.1184    9.1184  571.5000    9.1184    9.1184
   96.1854    9.3257    9.3257  571.5000    9.3257    9.3257
   96.1202    9.5329    9.5329  571.5000    9.5329    9.5329
   96.0551    9.7401    9.7401  571.5000    9.7401    9.7401
   95.9899    9.9474    9.9474  571.5000    9.9474    9.9474
   95.9248   10.1546   10.1546  571.5000   10.1546   10.1546
   95.8597   10.3618   10.3618  571.5000   10.3618   10.3618
   95.7945   10.5691   10.5691  571.5000   10.5691   10.5691
   95.7294   10.7763   10.7763  571.5000   10.7763   10.7763
$POINTS for network # 15   wingwake2                                         
       1.0
      18.0                                     0.0       0.0
       2.0      40.0                                                  wingwake2 
   98.2700    2.6941   -2.6941  571.5000    2.6941   -2.6941
   98.2049    2.9013   -2.9013  571.5000    2.9013   -2.9013
   98.1397    3.1086   -3.1086  571.5000    3.1086   -3.1086
   98.0746    3.3158   -3.3158  571.5000    3.3158   -3.3158
   98.0094    3.5230   -3.5230  571.5000    3.5230   -3.5230
   97.9443    3.7303   -3.7303  571.5000    3.7303   -3.7303
   97.8791    3.9375   -3.9375  571.5000    3.9375   -3.9375
   97.8140    4.1447   -4.1447  571.5000    4.1447   -4.1447
   97.7488    4.3520   -4.3520  571.5000    4.3520   -4.3520
   97.6837    4.5592   -4.5592  571.5000    4.5592   -4.5592
   97.6186    4.7664   -4.7664  571.5000    4.7664   -4.7664
   97.5534    4.9737   -4.9737  571.5000    4.9737   -4.9737
   97.4883    5.1809   -5.1809  571.5000    5.1809   -5.1809
   97.4231    5.3882   -5.3882  571.5000    5.3882   -5.3882
   97.3580    5.5954   -5.5954  571.5000    5.5954   -5.5954
   97.2928    5.8026   -5.8026  571.5000    5.8026   -5.8026
   97.2277    6.0099   -6.0099  571.5000    6.0099   -6.0099
   97.1625    6.2171   -6.2171  571.5000    6.2171   -6.2171
   97.0974    6.4243   -6.4243  571.5000    6.4243   -6.4243
   97.0323    6.6316   -6.6316  571.5000    6.6316   -6.6316
   96.9671    6.8388   -6.8388  571.5000    6.8388   -6.8388
   96.9020    7.0460   -7.0460  571.5000    7.0460   -7.0460
   96.8368    7.2533   -7.2533  571.5000    7.2533   -7.2533
   96.7717    7.4605   -7.4605  571.5000    7.4605   -7.4605
   96.7065    7.6678   -7.6678  571.5000    7.6678   -7.6678
   96.6414    7.8750   -7.8750  571.5000    7.8750   -7.8750
   96.5762    8.0822   -8.0822  571.5000    8.0822   -8.0822
   96.5111    8.2895   -8.2895  571.5000    8.2895   -8.2895
   96.4460    8.4967   -8.4967  571.5000    8.4967   -8.4967
   96.3808    8.7039   -8.7039  571.5000    8.7039   -8.7039
   96.3157    8.9112   -8.9112  571.5000    8.9112   -8.9112
   96.2505    9.1184   -9.1184  571.5000    9.1184   -9.1184
   96.1854    9.3257   -9.3257  571.5000    9.3257   -9.3257
   96.1202    9.5329   -9.5329  571.5000    9.5329   -9.5329
   96.0551    9.7401   -9.7401  571.5000    9.7401   -9.7401
   95.9899    9.9474   -9.9474  571.5000    9.9474   -9.9474
   95.9248   10.1546  -10.1546  571.5000   10.1546  -10.1546
   95.8597   10.3618  -10.3618  571.5000   10.3618  -10.3618
   95.7945   10.5691  -10.5691  571.5000   10.5691  -10.5691
   95.7294   10.7763  -10.7763  571.5000   10.7763  -10.7763
$POINTS for network # 16   bbwake_up                                         
       1.0
      18.0       1.0                           0.0       0.0
       2.0      11.0                                                  bbwake_up 
  102.3300    3.7719    0.0000  571.5000    3.7719    0.0000
  102.3300    3.7255    0.5901  571.5000    3.7255    0.5901
  102.3300    3.5873    1.1656  571.5000    3.5873    1.1656
  102.3300    3.3608    1.7124  571.5000    3.3608    1.7124
  102.3300    3.0515    2.2171  571.5000    3.0515    2.2171
  102.3300    2.6671    2.6671  571.5000    2.6671    2.6671
  102.3300    2.2171    3.0515  571.5000    2.2171    3.0515
  102.3300    1.7124    3.3608  571.5000    1.7124    3.3608
  102.3300    1.1656    3.5873  571.5000    1.1656    3.5873
  102.3300    0.5901    3.7255  571.5000    0.5901    3.7255
  102.3300    0.0000    3.7719  571.5000    0.0000    3.7719
$POINTS for network # 17   bbwake_low                                        
       1.0
      18.0       1.0                           0.0       0.0
       2.0      11.0                                                  bbwake_low
  102.3300    0.0000   -3.7719  571.5000    0.0000   -3.7719
  102.3300    0.5901   -3.7255  571.5000    0.5901   -3.7255
  102.3300    1.1656   -3.5873  571.5000    1.1656   -3.5873
  102.3300    1.7124   -3.3608  571.5000    1.7124   -3.3608
  102.3300    2.2171   -3.0515  571.5000    2.2171   -3.0515
  102.3300    2.6671   -2.6671  571.5000    2.6671   -2.6671
  102.3300    3.0515   -2.2171  571.5000    3.0515   -2.2171
  102.3300    3.3608   -1.7124  571.5000    3.3608   -1.7124
  102.3300    3.5873   -1.1656  571.5000    3.5873   -1.1656
  102.3300    3.7255   -0.5901  571.5000    3.7255   -0.5901
  102.3300    3.7719    0.0000  571.5000    3.7719    0.0000
$END OF INPUT DATA
